1 : [685, 436, 320, 240, 546, 340, 537, 502]
2 : [81, 258, 484, 169, 464, 33085, 452, 501]
3 : [444, 32840, 456, 117, 569, 320, 635, 443]
4 : [191, 392, 704, 341, 26, 66246, 32853, 711]
5 : [209, 715, 125, 714, 544, 358, 383, 179]
6 : [436, 26, 392, 496, 714, 335, 487, 611]
7 : [33495, 548, 456, 117, 568, 631, 421, 123]
8 : [326, 213, 113, 242, 451, 220, 30, 241]
9 : [347, 383, 549, 131724, 659, 291, 416, 121]
10 : [488, 30, 37, 328, 205, 66097, 8, 387]
11 : [258, 220, 715, 32840, 27, 496, 239, 43]
12 : [264, 446, 66130, 688, 581, 452, 429, 71]
13 : [241, 631, 479, 49, 501, 258, 38, 65]
14 : [580, 270, 495, 313, 250, 536, 390, 35]
15 : [65585, 668, 98587, 53, 98615, 309, 301, 98933]
16 : [426, 33495, 55, 522, 103, 611, 568, 171]
17 : [575, 705, 544, 238, 219, 179, 146, 688]
18 : [270, 169, 415, 458, 390, 313, 484, 456]
19 : [631, 295, 98615, 309, 301, 98933, 183, 702]
20 : [215, 419, 33085, 66130, 152, 491, 569, 181]
21 : [220, 484, 66203, 66246, 667, 365, 635, 92]
22 : [187, 523, 131724, 577, 704, 178, 659, 309]
23 : [66246, 577, 264, 80, 242, 392, 667, 295]
24 : [289, 33164, 248, 388, 178, 433, 49, 32840]
25 : [469, 154, 631, 54, 606, 453, 321, 8]
26 : [575, 694, 278, 696, 213, 495, 241, 99]
27 : [33085, 166, 118, 169, 416, 513, 238, 668]
28 : [496, 149, 609, 93, 72, 615, 450, 66]
29 : [619, 488, 384, 443, 416, 483, 199, 40]
30 : [620, 32898, 565, 178, 213, 99030, 301, 98933]
31 : [191, 291, 15, 234, 444, 102, 433, 662]
32 : [639, 8, 483, 15, 373, 241, 650, 132]
33 : [710, 320, 255, 456, 405, 187, 510, 279]
34 : [220, 414, 42, 575, 614, 258, 688, 146]
35 : [405, 352, 392, 99007, 417, 30, 299, 619]
36 : [33085, 146, 688, 533, 241, 392, 340, 54]
37 : [456, 202, 558, 390, 487, 433, 483, 665]
38 : [510, 470, 242, 71, 20, 433, 407, 295]
39 : [46, 205, 8, 258, 239, 33145, 66, 28]
40 : [407, 322, 26, 289, 453, 523, 436, 393]
41 : [166, 20, 254, 705, 187, 352, 460, 714]
42 : [32853, 467, 549, 178, 320, 650, 456, 390]
43 : [621, 97, 456, 347, 32840, 213, 714, 670]
44 : [169, 458, 146, 540, 678, 12, 421, 118]
45 : [421, 419, 458, 392, 46, 287, 126, 416]
46 : [390, 66, 599, 40, 452, 496, 383, 704]
47 : [32853, 37, 157, 696, 705, 66097, 558, 68]
48 : [495, 392, 347, 488, 178, 33138, 705, 254]
49 : [27, 662, 320, 191, 565, 171, 328, 347]
50 : [87, 59, 458, 523, 569, 166, 444, 632]
51 : [665, 536, 278, 427, 312, 477, 443, 556]
52 : [213, 514, 510, 227, 240, 92, 567, 72]
53 : [322, 218, 387, 157, 68, 101, 465, 501]
54 : [187, 279, 289, 464, 326, 113, 54, 436]
55 : [205, 388, 240, 445, 13, 72, 558, 444]
56 : [392, 80, 66, 488, 728, 113, 577, 522]
57 : [66130, 392, 65585, 98607, 264, 123, 183, 53]
58 : [458, 30, 33495, 523, 700, 157, 32898, 612]
59 : [700, 609, 387, 436, 414, 275, 33145, 33138]
60 : [537, 536, 12, 255, 688, 8, 415, 483]
61 : [506, 650, 291, 433, 456, 668, 71, 255]
62 : [171, 523, 218, 365, 696, 281, 13, 433]
63 : [550, 483, 123, 611, 121, 312, 419, 57]
64 : [99, 313, 487, 32840, 705, 599, 113, 444]
65 : [523, 74, 459, 650, 522, 382, 501, 659]
66 : [152, 340, 218, 220, 66130, 238, 54, 26]
67 : [8, 37, 190, 667, 697, 659, 131724, 178]
68 : [187, 521, 42, 609, 630, 456, 27, 662]
69 : [352, 178, 728, 98491, 469, 121, 37, 467]
70 : [126, 358, 132, 30, 502, 40, 279, 188]
71 : [536, 392, 510, 43, 118, 650, 340, 8]
72 : [65982, 66198, 163949, 99030, 98587, 183, 301, 98963]
73 : [242, 98615, 309, 559, 702, 163949, 183, 53]
74 : [239, 33085, 334, 483, 20, 85, 118, 184]
75 : [166, 4, 248, 424, 65982, 255, 242, 456]
76 : [465, 313, 445, 580, 49, 424, 43, 174]
77 : [179, 711, 206, 484, 33171, 461, 131724, 313]
78 : [567, 312, 711, 365, 218, 650, 267, 117]
79 : [199, 8, 456, 30, 632, 495, 619, 191]
80 : [495, 257, 270, 187, 405, 548, 544, 219]
81 : [694, 510, 523, 213, 66, 280, 547, 241]
82 : [388, 484, 178, 37, 32840, 190, 26, 301]
83 : [27, 463, 227, 59, 275, 8, 132, 700]
84 : [619, 711, 13, 635, 86, 365, 146, 49]
85 : [680, 87, 331, 569, 483, 696, 33495, 66203]
86 : [575, 191, 487, 710, 33145, 33085, 98933, 53]
87 : [502, 86, 257, 533, 8, 419, 126, 544]
88 : [483, 8, 390, 437, 117, 569, 320, 103]
89 : [66, 4, 71, 166, 416, 512, 523, 66203]
90 : [378, 199, 217, 40, 270, 33085, 360, 66]
91 : [670, 8, 32840, 32853, 190, 577, 32898, 484]
92 : [121, 320, 711, 461, 667, 392, 117, 696]
93 : [78, 35, 179, 632, 501, 506, 414, 664]
94 : [126, 609, 631, 696, 65982, 242, 711, 191]
95 : [483, 696, 630, 488, 670, 32840, 33138, 567]
96 : [488, 667, 704, 71, 533, 215, 694, 688]
97 : [262, 496, 498, 87, 694, 32840, 191, 242]
98 : [446, 13, 477, 46, 30, 72, 267, 66]
99 : [80, 32840, 704, 199, 103, 178, 33085, 54]
100 : [71, 351, 13, 313, 257, 33085, 146, 405]
101 : [458, 103, 444, 443, 55, 33145, 334, 718]
102 : [291, 270, 458, 705, 422, 664, 383, 550]
103 : [8, 146, 99, 351, 710, 205, 13, 631]
104 : [32840, 599, 556, 665, 465, 26, 184, 662]
105 : [66246, 577, 65585, 199, 387, 635, 309, 98615]
106 : [116, 9, 506, 709, 373, 696, 73, 299]
107 : [621, 705, 421, 113, 117, 219, 238, 668]
108 : [366, 118, 33437, 206, 98491, 99007, 59, 30]
109 : [633, 360, 484, 146, 295, 66097, 8, 65585]
110 : [181, 211, 214, 187, 117, 668, 86, 568]
111 : [65982, 496, 98491, 66246, 577, 178, 98933, 53]
112 : [227, 384, 338, 528, 599, 40, 218, 279]
113 : [33171, 205, 429, 609, 387, 71, 271, 35]
114 : [33171, 694, 85, 116, 188, 63, 612, 33154]
115 : [33138, 697, 238, 484, 213, 121, 8, 30]
116 : [549, 199, 54, 580, 536, 241, 523, 456]
117 : [117, 302, 63, 422, 547, 459, 665, 258]
118 : [242, 66246, 486, 73, 33138, 633, 631, 163949]
119 : [711, 66246, 98587, 301, 98615, 98963, 559, 163949]
120 : [15, 322, 100, 295, 482, 177, 633, 126]
121 : [458, 697, 461, 113, 166, 320, 668, 242]
122 : [32898, 294, 99007, 667, 68, 458, 241, 665]
123 : [32882, 522, 217, 103, 453, 606, 521, 255]
124 : [66097, 477, 390, 482, 467, 33138, 149, 85]
125 : [65982, 4, 27, 8, 191, 121, 213, 242]
126 : [522, 680, 152, 537, 66203, 449, 650, 42]
127 : [15, 126, 517, 169, 387, 89, 470, 558]
128 : [523, 444, 59, 331, 663, 728, 635, 482]
129 : [548, 352, 384, 458, 504, 536, 270, 4]
130 : [187, 484, 242, 696, 523, 238, 66246, 334]
131 : [328, 627, 126, 80, 549, 630, 178, 295]
132 : [117, 215, 705, 276, 123, 388, 305, 536]
133 : [274, 63, 15, 452, 118, 219, 33162, 146]
134 : [458, 488, 667, 387, 40, 178, 363, 309]
135 : [40, 580, 670, 270, 202, 510, 49, 4]
136 : [358, 242, 238, 640, 407, 328, 32898, 13]
137 : [678, 299, 523, 456, 363, 615, 169, 46]
138 : [65585, 146, 512, 615, 66203, 612, 274, 338]
139 : [705, 26, 574, 37, 477, 97, 188, 85]
140 : [606, 581, 92, 328, 117, 166, 131724, 206]
141 : [496, 694, 76, 387, 633, 59, 523, 149]
142 : [522, 358, 483, 444, 132, 159, 667, 171]
143 : [694, 711, 631, 33085, 117, 32840, 609, 242]
144 : [166, 631, 668, 8, 26, 178, 659, 98587]
145 : [241, 49, 242, 93, 546, 663, 450, 69]
146 : [37, 488, 392, 220, 32898, 670, 190, 131724]
147 : [621, 456, 620, 565, 320, 117, 678, 123]
148 : [66, 99, 704, 92, 257, 630, 190, 422]
149 : [662, 72, 574, 446, 328, 378, 445, 20]
150 : [33138, 488, 32840, 696, 30, 59, 619, 213]
151 : [8, 66, 569, 26, 705, 65585, 667, 704]
152 : [387, 630, 278, 33145, 341, 424, 633, 421]
153 : [274, 294, 621, 340, 704, 565, 117, 178]
154 : [33495, 680, 347, 326, 32825, 213, 54, 30]
155 : [694, 568, 126, 33085, 8, 313, 92, 61]
156 : [715, 59, 704, 550, 696, 73, 549, 213]
157 : [483, 270, 569, 117, 320, 456, 565, 416]
158 : [390, 550, 40, 42, 331, 171, 567, 324]
159 : [667, 65982, 437, 694, 103, 178, 99030, 183]
160 : [87, 470, 37, 177, 479, 427, 680, 33164]
161 : [567, 92, 73, 214, 619, 43, 156, 467]
162 : [696, 123, 414, 460, 612, 66090, 37, 213]
163 : [615, 670, 488, 568, 549, 32840, 697, 80]
164 : [635, 8, 709, 548, 32840, 633, 63, 274]
165 : [443, 264, 290, 334, 506, 126, 331, 714]
166 : [444, 191, 680, 631, 501, 537, 506, 700]
167 : [40, 190, 619, 581, 513, 132, 574, 685]
168 : [568, 620, 66246, 213, 199, 103, 163949, 98615]
169 : [415, 619, 340, 458, 484, 190, 57, 363]
170 : [59, 250, 166, 154, 178, 709, 501, 352]
171 : [443, 550, 678, 117, 456, 700, 241, 487]
172 : [166, 405, 257, 456, 631, 506, 73, 347]
173 : [696, 523, 33495, 705, 659, 26, 241, 187]
174 : [54, 35, 668, 255, 187, 510, 667, 514]
175 : [271, 668, 8, 123, 621, 219, 178, 565]
176 : [328, 242, 599, 487, 533, 184, 670, 483]
177 : [615, 670, 685, 30, 59, 8, 326, 496]
178 : [271, 8, 433, 33085, 451, 213, 326, 30]
179 : [74, 159, 82, 40, 331, 580, 537, 477]
180 : [328, 8, 149, 452, 340, 427, 392, 241]
181 : [291, 390, 174, 667, 117, 635, 483, 569]
182 : [436, 484, 66130, 332, 373, 335, 116, 98961]
183 : [131724, 694, 179, 565, 558, 202, 633, 483]
184 : [33171, 668, 694, 187, 631, 37, 190, 728]
185 : [220, 32882, 659, 451, 190, 33138, 33171, 630]
186 : [149, 126, 433, 619, 99, 487, 351, 458]
187 : [66, 199, 668, 80, 214, 32840, 33164, 423]
188 : [488, 99, 238, 59, 714, 241, 615, 178]
189 : [340, 461, 670, 257, 718, 97, 126, 294]
190 : [117, 299, 202, 393, 456, 49, 213, 8]
191 : [662, 146, 99, 32840, 239, 178, 80, 421]
192 : [443, 456, 352, 166, 433, 501, 66203, 80]
193 : [166, 728, 42, 711, 218, 565, 178, 214]
194 : [613, 169, 102, 8, 241, 363, 659, 123]
195 : [8, 33145, 309, 98933, 98587, 559, 98615, 183]
196 : [678, 483, 71, 422, 321, 501, 215, 452]
197 : [274, 157, 611, 522, 523, 662, 486, 66097]
198 : [630, 181, 258, 436, 126, 393, 464, 416]
199 : [696, 670, 621, 99, 614, 568, 483, 488]
200 : [42, 694, 313, 523, 33085, 30, 178, 667]
201 : [65585, 484, 495, 456, 472, 178, 219, 146]
202 : [274, 99, 670, 668, 117, 54, 59, 662]
203 : [8, 146, 179, 627, 630, 335, 53, 309]
204 : [548, 187, 392, 568, 32853, 711, 347, 512]
205 : [663, 694, 299, 238, 8, 32898, 417, 87]
206 : [630, 662, 302, 711, 65982, 685, 190, 550]
207 : [443, 436, 37, 456, 320, 313, 27, 422]
208 : [453, 580, 229, 521, 38, 126, 188, 8]
209 : [187, 575, 71, 424, 613, 149, 516, 456]
210 : [662, 33162, 405, 580, 33154, 66, 458, 691]
211 : [620, 621, 709, 313, 121, 711, 633, 335]
212 : [341, 66246, 615, 484, 392, 178, 33145, 99030]
213 : [66097, 149, 483, 64, 581, 460, 169, 482]
214 : [667, 220, 568, 32853, 178, 80, 264, 103]
215 : [87, 521, 82, 206, 98607, 159, 57, 191]
216 : [328, 156, 248, 453, 422, 123, 621, 9]
217 : [220, 335, 711, 444, 334, 714, 33495, 66203]
218 : [495, 460, 102, 446, 30, 33145, 218, 8]
219 : [332, 279, 274, 92, 275, 20, 66097, 258]
220 : [387, 33085, 178, 264, 33145, 98933, 183, 98963]
221 : [718, 255, 156, 523, 178, 206, 569, 522]
222 : [621, 101, 276, 521, 123, 118, 709, 86]
223 : [179, 621, 117, 30, 711, 347, 512, 548]
224 : [66203, 615, 65585, 680, 668, 620, 504, 484]
225 : [449, 347, 482, 76, 483, 537, 574, 714]
226 : [257, 65585, 334, 567, 166, 97, 66097, 66]
227 : [619, 390, 490, 714, 662, 479, 383, 709]
228 : [606, 705, 347, 54, 33495, 387, 483, 166]
229 : [113, 287, 217, 8, 383, 98491, 694, 146]
230 : [537, 66130, 33162, 171, 697, 458, 326, 73]
231 : [27, 483, 619, 678, 612, 620, 241, 33138]
232 : [66246, 219, 59, 37, 32853, 220, 633, 696]
233 : [241, 504, 65642, 484, 611, 15, 33085, 188]
234 : [92, 250, 294, 444, 599, 352, 178, 33138]
235 : [662, 46, 66, 86, 270, 179, 460, 33085]
236 : [33171, 287, 81, 214, 241, 8, 496, 328]
237 : [179, 668, 213, 620, 30, 271, 190, 326]
238 : [66171, 513, 322, 715, 532, 619, 472, 46]
239 : [421, 668, 718, 621, 97, 238, 630, 484]
240 : [405, 190, 71, 522, 670, 65585, 217, 498]
241 : [64, 242, 239, 313, 320, 456, 668, 650]
242 : [718, 32853, 565, 705, 178, 98933, 163949, 98587]
243 : [8, 704, 66246, 191, 392, 178, 98615, 309]
244 : [217, 445, 489, 548, 422, 291, 66130, 254]
245 : [580, 166, 99, 13, 233, 419, 241, 521]
246 : [631, 35, 214, 321, 4, 436, 63, 388]
247 : [496, 33171, 66203, 73, 714, 334, 680, 365]
248 : [32853, 488, 102, 341, 718, 78, 131724, 487]
249 : [366, 388, 369, 97, 536, 482, 202, 28]
250 : [347, 667, 80, 220, 30, 549, 670, 335]
251 : [709, 188, 32840, 619, 334, 299, 28, 611]
252 : [662, 483, 324, 488, 255, 632, 290, 33171]
253 : [718, 123, 32825, 632, 32898, 152, 668, 495]
254 : [66097, 238, 631, 242, 98491, 98587, 53, 301]
255 : [635, 496, 33145, 287, 631, 384, 424, 220]
256 : [178, 174, 662, 670, 97, 169, 504, 270]
257 : [633, 187, 489, 700, 351, 66203, 728, 620]
258 : [334, 66, 663, 33154, 59, 250, 302, 43]
259 : [605, 8, 393, 383, 580, 522, 437, 704]
260 : [567, 536, 299, 533, 35, 4, 233, 220]
261 : [157, 32853, 464, 274, 574, 532, 117, 37]
262 : [295, 484, 99, 191, 667, 577, 631, 704]
263 : [388, 98491, 174, 668, 330, 33162, 599, 662]
264 : [65585, 267, 258, 714, 387, 76, 709, 513]
265 : [33164, 20, 419, 248, 407, 258, 279, 504]
266 : [98961, 275, 506, 446, 558, 38, 633, 487]
267 : [118, 621, 700, 146, 483, 241, 670, 320]
268 : [33138, 392, 213, 620, 711, 30, 80, 178]
269 : [550, 82, 443, 415, 366, 328, 248, 523]
270 : [483, 238, 390, 199, 536, 131724, 456, 117]
271 : [191, 8, 213, 483, 187, 118, 254, 33171]
272 : [483, 444, 501, 43, 512, 489, 46, 219]
273 : [234, 456, 696, 453, 477, 169, 320, 523]
274 : [456, 390, 240, 87, 516, 419, 450, 80]
275 : [533, 92, 388, 248, 365, 449, 714, 650]
276 : [295, 502, 332, 20, 156, 33171, 728, 718]
277 : [33164, 705, 166, 718, 696, 621, 392, 365]
278 : [421, 271, 331, 123, 429, 262, 218, 465]
279 : [190, 202, 8, 32853, 668, 718, 241, 220]
280 : [458, 250, 76, 506, 424, 704, 267, 715]
281 : [416, 488, 32840, 502, 550, 340, 99, 667]
282 : [483, 536, 548, 37, 33171, 437, 65642, 169]
283 : [407, 241, 467, 71, 32825, 334, 66171, 388]
284 : [456, 33164, 320, 217, 711, 709, 635, 59]
285 : [131724, 53, 99030, 301, 309, 163949, 98615, 702]
286 : [728, 33171, 149, 388, 704, 448, 688, 465]
287 : [522, 445, 433, 205, 206, 33171, 632, 537]
288 : [472, 714, 667, 78, 66198, 619, 459, 613]
289 : [98491, 218, 352, 390, 506, 66, 213, 544]
290 : [352, 149, 28, 433, 33437, 728, 338, 65585]
291 : [320, 456, 668, 714, 436, 390, 569, 55]
292 : [326, 213, 488, 27, 662, 121, 30, 178]
293 : [606, 291, 92, 248, 179, 279, 257, 710]
294 : [66097, 488, 242, 667, 98491, 33162, 495, 33171]
295 : [213, 334, 8, 37, 670, 461, 123, 668]
296 : [548, 688, 206, 33085, 312, 678, 125, 613]
297 : [274, 73, 393, 113, 26, 184, 611, 387]
298 : [382, 118, 633, 351, 384, 479, 422, 255]
299 : [496, 199, 177, 191, 262, 227, 463, 328]
300 : [335, 704, 580, 484, 522, 714, 621, 302]
301 : [680, 580, 659, 113, 451, 422, 665, 423]
302 : [392, 334, 55, 213, 66097, 238, 220, 68]
303 : [313, 179, 328, 711, 458, 550, 340, 630]
304 : [289, 360, 258, 436, 700, 635, 422, 132]
305 : [484, 259, 26, 257, 700, 218, 118, 456]
306 : [568, 32840, 33138, 178, 309, 53, 163949, 98963]
307 : [211, 631, 436, 238, 483, 496, 495, 702]
308 : [490, 558, 609, 449, 65642, 14, 254, 663]
309 : [484, 536, 463, 219, 66246, 98491, 611, 392]
310 : [103, 544, 255, 613, 98961, 233, 322, 445]
311 : [66130, 668, 169, 126, 482, 149, 190, 55]
312 : [258, 575, 54, 392, 178, 183, 702, 53]
313 : [98607, 443, 568, 187, 334, 126, 86, 482]
314 : [313, 459, 279, 633, 421, 407, 66, 512]
315 : [444, 32853, 352, 611, 250, 627, 461, 55]
316 : [330, 271, 179, 452, 453, 407, 33154, 181]
317 : [258, 668, 484, 363, 57, 659, 599, 461]
318 : [248, 451, 627, 267, 378, 99, 71, 30]
319 : [156, 429, 97, 631, 426, 78, 220, 522]
320 : [328, 33495, 184, 320, 483, 179, 443, 456]
321 : [704, 479, 632, 512, 465, 536, 117, 483]
322 : [407, 218, 378, 423, 621, 711, 523, 569]
323 : [489, 291, 528, 458, 704, 174, 32840, 191]
324 : [392, 68, 199, 715, 71, 393, 238, 220]
325 : [611, 176, 568, 20, 423, 697, 159, 606]
326 : [479, 714, 517, 433, 331, 188, 449, 46]
327 : [443, 211, 258, 456, 528, 488, 688, 326]
328 : [179, 456, 33171, 166, 662, 320, 97, 443]
329 : [506, 33164, 704, 248, 522, 33162, 469, 132]
330 : [340, 73, 369, 429, 490, 242, 66130, 631]
331 : [483, 121, 522, 98491, 184, 53, 98615, 309]
332 : [99007, 166, 117, 270, 54, 159, 465, 464]
333 : [556, 93, 580, 536, 449, 705, 241, 635]
334 : [66097, 211, 191, 347, 484, 156, 444, 469]
335 : [461, 486, 335, 631, 73, 662, 98933, 33138]
336 : [33164, 483, 678, 334, 436, 156, 66, 505]
337 : [85, 30, 728, 131724, 334, 92, 8, 279]
338 : [213, 33145, 387, 495, 80, 146, 32825, 66171]
339 : [290, 668, 32882, 659, 504, 611, 548, 444]
340 : [126, 65585, 659, 495, 449, 347, 178, 667]
341 : [510, 606, 549, 691, 392, 567, 157, 387]
342 : [328, 126, 65585, 99007, 704, 66246, 709, 40]
343 : [66203, 483, 619, 580, 166, 33085, 178, 33164]
344 : [704, 242, 8, 65982, 711, 146, 66246, 131724]
345 : [667, 711, 99, 615, 178, 183, 98587, 702]
346 : [419, 320, 37, 99007, 667, 429, 46, 176]
347 : [279, 522, 451, 467, 347, 568, 388, 632]
348 : [32853, 33154, 30, 254, 639, 405, 506, 612]
349 : [219, 496, 523, 68, 631, 126, 80, 715]
350 : [469, 242, 126, 146, 330, 131724, 390, 580]
351 : [574, 257, 665, 452, 126, 619, 667, 445]
352 : [488, 433, 335, 191, 568, 390, 279, 407]
353 : [711, 131724, 33145, 347, 668, 178, 549, 301]
354 : [33495, 289, 351, 116, 550, 523, 407, 611]
355 : [8, 577, 242, 667, 33138, 309, 98587, 98963]
356 : [429, 533, 291, 546, 340, 65642, 188, 234]
357 : [66090, 320, 179, 340, 631, 504, 126, 548]
358 : [220, 620, 66246, 213, 199, 309, 53, 301]
359 : [92, 238, 54, 275, 118, 621, 533, 565]
360 : [66097, 635, 131724, 630, 631, 728, 32853, 220]
361 : [522, 255, 523, 444, 71, 99, 446, 472]
362 : [328, 191, 220, 146, 174, 8, 627, 685]
363 : [621, 320, 620, 696, 667, 392, 76, 711]
364 : [99, 711, 664, 335, 33495, 250, 358, 299]
365 : [421, 384, 46, 609, 99, 449, 72, 202]
366 : [437, 314, 414, 66, 452, 187, 365, 123]
367 : [664, 456, 678, 443, 290, 670, 436, 80]
368 : [313, 121, 49, 66171, 667, 271, 606, 459]
369 : [238, 126, 213, 291, 443, 187, 619, 390]
370 : [65982, 528, 670, 238, 33145, 92, 242, 123]
371 : [59, 63, 506, 495, 635, 213, 66203, 326]
372 : [4, 20, 517, 227, 558, 126, 255, 351]
373 : [8, 65982, 146, 264, 577, 13, 309, 163949]
374 : [521, 66, 446, 82, 383, 426, 599, 188]
375 : [305, 35, 65982, 241, 65585, 360, 340, 87]
376 : [264, 332, 313, 146, 61, 73, 213, 267]
377 : [518, 338, 470, 98961, 347, 76, 464, 40]
378 : [66, 621, 483, 437, 117, 270, 635, 258]
379 : [631, 704, 668, 65982, 146, 92, 99, 184]
380 : [577, 178, 98615, 163949, 559, 301, 98587, 98933]
381 : [611, 32825, 340, 444, 20, 33145, 64, 214]
382 : [233, 680, 80, 202, 229, 678, 335, 188]
383 : [621, 211, 320, 631, 264, 715, 117, 633]
384 : [650, 678, 670, 467, 26, 484, 4, 321]
385 : [264, 668, 667, 242, 199, 33171, 163949, 98933]
386 : [99, 667, 117, 54, 710, 320, 548, 456]
387 : [40, 568, 694, 697, 71, 718, 422, 384]
388 : [8, 264, 711, 309, 163949, 183, 98587, 301]
389 : [501, 98491, 574, 635, 178, 191, 488, 567]
390 : [354, 365, 522, 166, 483, 66097, 633, 363]
391 : [694, 449, 528, 241, 550, 227, 248, 667]
392 : [20, 612, 33138, 302, 8, 320, 241, 433]
393 : [504, 279, 611, 66203, 421, 662, 544, 688]
394 : [30, 32853, 32882, 685, 33145, 191, 33171, 659]
395 : [302, 328, 33171, 667, 424, 240, 66130, 166]
396 : [506, 714, 78, 55, 32840, 80, 467, 680]
397 : [238, 662, 484, 668, 479, 191, 33171, 32840]
398 : [99, 360, 393, 33495, 230, 537, 486, 606]
399 : [239, 99, 662, 575, 569, 98491, 178, 118]
400 : [633, 495, 191, 668, 242, 213, 620, 347]
401 : [239, 568, 436, 179, 433, 696, 443, 30]
402 : [521, 556, 154, 46, 501, 577, 82, 97]
403 : [451, 495, 187, 688, 382, 239, 374, 383]
404 : [631, 8, 694, 13, 444, 178, 33138, 267]
405 : [606, 392, 32853, 328, 523, 366, 171, 631]
406 : [66246, 269, 275, 179, 550, 274, 424, 218]
407 : [328, 117, 218, 688, 15, 407, 61, 66203]
408 : [33085, 392, 443, 98491, 453, 422, 202, 218]
409 : [504, 548, 340, 248, 13, 66, 488, 458]
410 : [320, 697, 140, 514, 241, 74, 46, 631]
411 : [667, 458, 387, 87, 157, 548, 279, 191]
412 : [670, 665, 214, 187, 365, 290, 352, 523]
413 : [697, 33164, 71, 725, 714, 482, 417, 54]
414 : [502, 287, 187, 691, 670, 32840, 469, 324]
415 : [82, 640, 191, 580, 456, 714, 335, 393]
416 : [407, 26, 32825, 711, 295, 8, 190, 32882]
417 : [632, 662, 518, 30, 611, 291, 65585, 523]
418 : [32882, 332, 35, 78, 57, 697, 275, 580]
419 : [522, 388, 488, 20, 523, 117, 98491, 390]
420 : [213, 421, 662, 294, 650, 358, 33171, 407]
421 : [55, 612, 238, 662, 421, 149, 97, 506]
422 : [238, 422, 33085, 407, 548, 66203, 102, 516]
423 : [575, 191, 258, 387, 8, 239, 217, 631]
424 : [445, 425, 358, 15, 87, 242, 453, 177]
425 : [498, 663, 710, 33145, 13, 33171, 98961, 639]
426 : [66130, 239, 363, 580, 32853, 118, 241, 275]
427 : [550, 477, 443, 169, 388, 320, 678, 446]
428 : [146, 242, 392, 484, 568, 615, 424, 80]
429 : [360, 313, 65585, 271, 568, 662, 580, 488]
430 : [347, 174, 66, 421, 4, 685, 65585, 392]
431 : [456, 639, 443, 569, 390, 264, 711, 548]
432 : [714, 202, 700, 599, 101, 213, 522, 495]
433 : [65982, 702, 183, 98615, 99030, 301, 98963, 53]
434 : [715, 287, 421, 8, 487, 181, 548, 523]
435 : [522, 117, 678, 700, 451, 662, 66097, 334]
436 : [614, 725, 12, 59, 20, 191, 715, 548]
437 : [487, 334, 456, 178, 619, 565, 295, 436]
438 : [621, 513, 99, 443, 118, 37, 483, 458]
439 : [66246, 30, 40, 80, 694, 146, 98491, 33145]
440 : [334, 113, 117, 191, 99, 239, 86, 599]
441 : [436, 620, 76, 313, 30, 421, 8, 199]
442 : [668, 633, 711, 190, 667, 33138, 131724, 548]
443 : [299, 615, 528, 184, 250, 523, 718, 352]
444 : [351, 619, 423, 483, 378, 388, 487, 436]
445 : [37, 166, 49, 421, 567, 667, 178, 621]
446 : [98607, 199, 66097, 190, 665, 495, 99007, 33145]
447 : [549, 66097, 407, 166, 662, 611, 299, 392]
448 : [328, 117, 360, 458, 685, 631, 472, 574]
449 : [117, 190, 668, 55, 631, 202, 103, 118]
450 : [126, 238, 54, 8, 33138, 61, 313, 146]
451 : [241, 548, 87, 66097, 66203, 483, 426, 66]
452 : [66246, 178, 183, 98587, 98933, 559, 163949, 309]
453 : [59, 159, 66246, 279, 459, 580, 444, 238]
454 : [275, 271, 240, 241, 195, 188, 547, 451]
455 : [678, 270, 86, 81, 66203, 166, 599, 469]
456 : [33171, 320, 86, 299, 477, 218, 334, 331]
457 : [66, 313, 66171, 668, 635, 13, 667, 309]
458 : [664, 32825, 549, 55, 691, 32853, 421, 536]
459 : [488, 609, 324, 13, 486, 659, 668, 61]
460 : [565, 33138, 392, 621, 213, 30, 484, 483]
461 : [615, 33145, 301, 183, 98587, 53, 309, 98615]
462 : [728, 670, 697, 28, 199, 469, 4, 68]
463 : [577, 667, 242, 32853, 80, 98963, 301, 53]
464 : [166, 188, 238, 211, 523, 32840, 390, 59]
465 : [670, 219, 174, 8, 523, 211, 464, 705]
466 : [32840, 495, 392, 619, 191, 65982, 711, 92]
467 : [495, 335, 255, 714, 332, 513, 522, 291]
468 : [66246, 98963, 183, 99030, 559, 98587, 53, 98933]
469 : [55, 390, 536, 73, 33495, 365, 99, 66203]
470 : [621, 279, 57, 627, 118, 619, 575, 542]
471 : [213, 242, 8, 65585, 30, 4, 92, 211]
472 : [313, 341, 61, 8, 667, 220, 631, 80]
473 : [28, 55, 274, 166, 632, 113, 366, 321]
474 : [489, 393, 274, 611, 523, 178, 667, 549]
475 : [483, 32853, 577, 33138, 98963, 183, 163949, 702]
476 : [321, 169, 313, 697, 548, 424, 718, 98491]
477 : [86, 486, 206, 505, 619, 469, 467, 313]
478 : [704, 66130, 334, 467, 33145, 33138, 650, 549]
479 : [32825, 179, 213, 483, 8, 33154, 347, 121]
480 : [605, 728, 417, 627, 574, 482, 156, 469]
481 : [65585, 270, 577, 8, 13, 80, 275, 27]
482 : [352, 680, 489, 390, 536, 328, 32853, 358]
483 : [335, 213, 33085, 704, 568, 26, 650, 239]
484 : [663, 42, 322, 66203, 8, 211, 313, 414]
485 : [523, 415, 290, 190, 714, 611, 416, 66097]
486 : [668, 621, 174, 619, 184, 335, 99, 433]
487 : [238, 78, 484, 37, 697, 191, 632, 202]
488 : [99, 76, 264, 73, 662, 190, 620, 239]
489 : [547, 32840, 33138, 55, 633, 667, 700, 250]
490 : [99, 605, 352, 482, 472, 270, 663, 215]
491 : [33085, 188, 470, 64, 459, 320, 73, 388]
492 : [444, 63, 250, 269, 613, 470, 415, 467]
493 : [619, 68, 472, 725, 101, 550, 66, 556]
494 : [615, 126, 704, 667, 8, 488, 242, 549]
495 : [358, 328, 55, 700, 37, 421, 290, 33164]
496 : [392, 685, 26, 393, 680, 599, 334, 580]
497 : [174, 483, 366, 72, 513, 390, 694, 33437]
498 : [456, 696, 569, 241, 501, 213, 61, 550]
499 : [8, 257, 264, 709, 239, 351, 313, 27]
500 : [668, 407, 427, 314, 299, 40, 483, 501]
501 : [190, 488, 240, 33145, 667, 37, 178, 711]
502 : [66198, 279, 8, 550, 146, 219, 635, 696]
503 : [568, 670, 488, 33138, 166, 667, 32840, 711]
504 : [32882, 89, 66198, 456, 239, 433, 467, 229]
505 : [502, 149, 177, 93, 33164, 718, 30, 621]
506 : [522, 383, 405, 691, 322, 33164, 569, 87]
507 : [33085, 66203, 635, 483, 202, 467, 117, 522]
508 : [66203, 33085, 178, 694, 131724, 33138, 53, 301]
509 : [8, 705, 667, 219, 98963, 98615, 98933, 702]
510 : [470, 479, 606, 81, 338, 392, 76, 613]
511 : [166, 217, 483, 456, 390, 66097, 202, 30]
512 : [477, 504, 424, 633, 352, 211, 516, 714]
513 : [87, 99, 33145, 577, 32840, 178, 190, 239]
514 : [80, 8, 341, 99030, 98587, 98963, 163949, 53]
515 : [678, 98491, 270, 37, 40, 289, 387, 178]
516 : [37, 33145, 103, 99, 178, 668, 32840, 190]
517 : [202, 694, 437, 295, 87, 37, 421, 580]
518 : [614, 341, 59, 66246, 632, 80, 392, 483]
519 : [452, 631, 691, 30, 33162, 147, 40, 76]
520 : [220, 191, 667, 309, 559, 53, 99030, 183]
521 : [667, 575, 484, 611, 213, 33145, 620, 702]
522 : [523, 219, 271, 149, 33138, 631, 146, 495]
523 : [190, 8, 711, 166, 606, 59, 66097, 392]
524 : [501, 502, 213, 663, 93, 269, 37, 488]
525 : [523, 574, 290, 334, 630, 13, 326, 169]
526 : [206, 631, 501, 366, 332, 279, 352, 33085]
527 : [575, 191, 13, 66, 495, 30, 213, 326]
528 : [275, 458, 98491, 464, 219, 340, 702, 559]
529 : [340, 619, 392, 33145, 458, 443, 423, 33495]
530 : [621, 549, 456, 632, 714, 80, 436, 620]
531 : [378, 464, 482, 271, 87, 174, 448, 13]
532 : [521, 97, 33171, 627, 149, 131724, 103, 685]
533 : [33171, 705, 220, 670, 187, 568, 549, 290]
534 : [667, 429, 615, 57, 27, 536, 512, 728]
535 : [205, 709, 32840, 365, 65585, 710, 299, 421]
536 : [639, 443, 456, 501, 32840, 213, 436, 670]
537 : [631, 13, 456, 328, 169, 271, 436, 98491]
538 : [388, 30, 548, 179, 407, 181, 33164, 213]
539 : [13, 632, 157, 665, 66171, 484, 599, 33145]
540 : [179, 157, 429, 549, 611, 63, 54, 725]
541 : [456, 179, 321, 612, 486, 392, 696, 103]
542 : [680, 146, 667, 116, 72, 694, 38, 665]
543 : [85, 33154, 116, 217, 54, 665, 522, 451]
544 : [627, 92, 388, 341, 86, 254, 20, 387]
545 : [424, 32840, 66, 320, 483, 351, 548, 242]
546 : [242, 711, 270, 363, 169, 206, 433, 326]
547 : [8, 13, 33085, 53, 98587, 98963, 301, 98933]
548 : [715, 697, 199, 365, 30, 668, 213, 700]
549 : [55, 68, 73, 424, 464, 40, 116, 309]
550 : [667, 577, 621, 264, 178, 668, 183, 309]
551 : [477, 270, 680, 181, 704, 663, 80, 489]
552 : [691, 575, 464, 33085, 416, 612, 694, 270]
553 : [33171, 322, 549, 199, 169, 486, 393, 71]
554 : [98491, 126, 32840, 220, 32853, 178, 577, 309]
555 : [621, 631, 13, 33171, 433, 565, 32840, 667]
556 : [8, 558, 506, 517, 416, 532, 184, 718]
557 : [33145, 513, 392, 415, 621, 66097, 505, 477]
558 : [213, 313, 126, 30, 8, 174, 33085, 264]
559 : [264, 80, 33171, 98491, 242, 309, 559, 53]
560 : [488, 65585, 209, 715, 451, 459, 98491, 436]
561 : [536, 705, 392, 309, 183, 98963, 301, 98933]
562 : [65982, 187, 213, 32853, 392, 30, 326, 178]
563 : [131724, 8, 416, 678, 55, 28, 340, 188]
564 : [668, 33138, 711, 98963, 301, 98933, 99030, 702]
565 : [668, 577, 358, 33171, 30, 711, 156, 606]
566 : [611, 32898, 179, 547, 558, 662, 66203, 549]
567 : [55, 144, 665, 688, 320, 522, 20, 621]
568 : [550, 426, 619, 664, 239, 255, 313, 27]
569 : [171, 483, 233, 123, 427, 328, 242, 568]
570 : [711, 496, 611, 334, 714, 290, 117, 135]
571 : [667, 714, 340, 696, 32840, 363, 463, 360]
572 : [149, 390, 178, 488, 32853, 632, 131724, 199]
573 : [663, 334, 392, 704, 631, 709, 65982, 650]
574 : [242, 80, 213, 183, 559, 53, 163949, 98587]
575 : [620, 528, 65982, 264, 392, 220, 152, 199]
576 : [668, 451, 501, 32853, 85, 549, 117, 498]
577 : [694, 631, 577, 711, 191, 667, 242, 341]
578 : [66, 320, 43, 259, 149, 312, 294, 215]
579 : [599, 483, 606, 451, 685, 179, 156, 68]
580 : [66246, 80, 98933, 98587, 99030, 98615, 53, 301]
581 : [20, 33164, 37, 547, 8, 157, 688, 258]
582 : [72, 279, 4, 66, 360, 549, 89, 426]
583 : [523, 619, 219, 92, 662, 66203, 445, 71]
584 : [37, 662, 700, 126, 488, 30, 213, 121]
585 : [274, 15, 419, 569, 550, 609, 667, 338]
586 : [456, 678, 523, 458, 340, 685, 631, 334]
587 : [366, 294, 102, 631, 705, 709, 71, 33495]
588 : [238, 488, 59, 668, 295, 190, 32840, 711]
589 : [358, 238, 488, 72, 335, 202, 55, 369]
590 : [117, 242, 456, 211, 390, 443, 619, 668]
591 : [32853, 461, 126, 619, 71, 27, 609, 405]
592 : [453, 187, 72, 569, 444, 635, 725, 213]
593 : [483, 465, 363, 501, 121, 146, 8, 456]
594 : [619, 328, 66097, 80, 536, 489, 66130, 32840]
595 : [575, 611, 688, 103, 270, 99, 238, 711]
596 : [635, 33145, 702, 53, 99030, 98615, 309, 98963]
597 : [528, 65585, 76, 387, 98491, 92, 220, 630]
598 : [615, 242, 711, 191, 668, 667, 80, 98615]
599 : [66, 469, 522, 537, 512, 521, 33145, 217]
600 : [548, 33495, 159, 154, 427, 324, 99007, 663]
601 : [27, 30, 332, 320, 387, 709, 271, 501]
602 : [668, 565, 483, 621, 242, 436, 178, 309]
603 : [668, 577, 443, 436, 678, 242, 190, 715]
604 : [275, 63, 609, 437, 190, 392, 269, 445]
605 : [714, 66171, 66203, 528, 73, 66130, 670, 178]
606 : [86, 405, 446, 239, 694, 49, 93, 271]
607 : [279, 451, 630, 33138, 123, 241, 131724, 178]
608 : [33145, 577, 453, 275, 575, 697, 191, 13]
609 : [271, 241, 366, 662, 546, 32898, 8, 691]
610 : [668, 250, 66203, 351, 388, 611, 405, 8]
611 : [482, 415, 696, 691, 581, 278, 351, 81]
612 : [334, 725, 487, 477, 166, 670, 241, 340]
613 : [187, 131724, 670, 387, 549, 32853, 484, 178]
614 : [705, 66, 575, 33145, 715, 392, 668, 295]
615 : [620, 264, 213, 30, 163949, 98963, 98933, 309]
616 : [700, 66097, 8, 219, 483, 33162, 71, 199]
617 : [419, 558, 714, 102, 178, 580, 495, 415]
618 : [213, 239, 419, 351, 99, 705, 8, 146]
619 : [483, 191, 443, 80, 630, 320, 117, 456]
620 : [667, 456, 621, 536, 217, 424, 320, 678]
621 : [211, 117, 65682, 510, 71, 334, 633, 102]
622 : [82, 217, 436, 338, 477, 20, 71, 482]
623 : [275, 667, 65982, 341, 488, 65585, 32840, 484]
624 : [242, 615, 711, 98587, 98933, 53, 559, 98963]
625 : [378, 330, 688, 190, 725, 691, 240, 279]
626 : [615, 388, 668, 82, 321, 612, 213, 13]
627 : [8, 392, 577, 711, 92, 199, 238, 178]
628 : [275, 248, 278, 33164, 567, 505, 488, 611]
629 : [615, 422, 241, 632, 518, 8, 574, 72]
630 : [30, 299, 580, 426, 33154, 98961, 390, 117]
631 : [335, 549, 670, 685, 279, 178, 240, 184]
632 : [467, 32840, 178, 711, 146, 728, 98615, 183]
633 : [365, 668, 229, 580, 388, 328, 33164, 392]
634 : [619, 662, 512, 484, 179, 472, 461, 324]
635 : [697, 521, 191, 179, 33164, 13, 40, 32853]
636 : [258, 206, 550, 241, 59, 40, 123, 662]
637 : [174, 33138, 98933, 98587, 264, 183, 301, 99030]
638 : [87, 536, 188, 423, 340, 696, 517, 470]
639 : [558, 313, 66, 80, 631, 131724, 178, 702]
640 : [13, 606, 217, 709, 33495, 437, 611, 426]
641 : [190, 697, 154, 446, 567, 501, 98961, 126]
642 : [187, 613, 32853, 619, 63, 546, 479, 76]
643 : [335, 32853, 715, 33085, 163949, 178, 183, 53]
644 : [179, 65585, 697, 711, 421, 199, 620, 98491]
645 : [612, 55, 240, 373, 711, 665, 66171, 30]
646 : [330, 611, 483, 99, 606, 700, 482, 714]
647 : [66203, 258, 174, 358, 424, 668, 146, 71]
648 : [664, 12, 458, 486, 146, 725, 433, 9]
649 : [659, 98491, 33085, 523, 388, 632, 633, 66203]
650 : [680, 254, 312, 159, 506, 670, 482, 32882]
651 : [615, 495, 279, 630, 700, 8, 184, 341]
652 : [101, 65642, 489, 35, 13, 271, 365, 321]
653 : [33171, 426, 66, 279, 667, 536, 211, 461]
654 : [59, 33138, 696, 131724, 242, 178, 615, 559]
655 : [30, 477, 37, 66, 312, 57, 549, 13]
656 : [291, 174, 99007, 132, 199, 169, 181, 241]
657 : [37, 32840, 258, 99, 66171, 575, 181, 347]
658 : [98961, 365, 248, 328, 700, 78, 43, 126]
659 : [670, 711, 80, 568, 549, 242, 98491, 264]
660 : [33154, 159, 650, 715, 711, 328, 213, 60]
661 : [513, 619, 169, 715, 458, 467, 599, 190]
662 : [313, 407, 324, 238, 169, 718, 166, 32825]
663 : [271, 537, 496, 611, 627, 66, 80, 202]
664 : [66246, 99, 131724, 33138, 213, 80, 711, 620]
665 : [213, 33171, 621, 484, 30, 178, 488, 97]
666 : [213, 166, 66198, 190, 99, 506, 126, 30]
667 : [54, 65585, 66, 279, 365, 633, 241, 630]
668 : [66203, 569, 32840, 313, 33145, 620, 199, 630]
669 : [453, 54, 544, 241, 227, 363, 670, 700]
670 : [54, 241, 523, 33154, 65982, 257, 725, 715]
671 : [456, 549, 392, 436, 97, 668, 213, 326]
