1 : [28, 326, 674, 594, 12, 610, 185, 111]
2 : [301, 309, 163949, 98587, 53, 183, 99030, 178]
3 : [309, 549, 98615, 53, 632, 98963, 123, 98587]
4 : [98615, 59, 33138, 163949, 184, 183, 271, 341]
5 : [301, 163949, 559, 53, 98933, 341, 8, 309]
6 : [309, 341, 183, 184, 98933, 301, 26, 149]
7 : [301, 574, 116, 702, 668, 98963, 123, 559]
8 : [98963, 116, 53, 178, 33171, 250, 702, 390]
9 : [32840, 163949, 98933, 98615, 183, 98587, 341, 309]
10 : [250, 53, 26, 98963, 702, 171, 178, 309]
11 : [43, 289, 26, 156, 98587, 290, 694, 98963]
12 : [565, 714, 232, 559, 668, 611, 162, 272]
13 : [178, 565, 53, 390, 146, 363, 99030, 632]
14 : [101, 668, 328, 176, 98491, 29, 98615, 483]
15 : [184, 309, 341, 80, 53, 301, 183, 98933]
16 : [289, 53, 213, 363, 179, 574, 378, 662]
17 : [98615, 53, 163949, 98933, 98587, 559, 341, 183]
18 : [97, 347, 53, 309, 28, 146, 26, 71]
19 : [264, 99030, 341, 183, 98615, 301, 702, 98587]
20 : [53, 98963, 702, 33171, 98587, 166, 123, 98615]
21 : [309, 53, 98587, 163949, 99030, 98615, 183, 98933]
22 : [98933, 183, 163949, 702, 103, 59, 341, 33138]
23 : [80, 341, 146, 98587, 98963, 702, 53, 301]
24 : [309, 549, 40, 26, 521, 495, 255, 257]
25 : [523, 69, 159, 299, 71, 574, 190, 314]
26 : [53, 183, 178, 241, 702, 98587, 567, 309]
27 : [101, 523, 309, 667, 99, 363, 146, 611]
28 : [178, 59, 635, 363, 99030, 559, 53, 309]
29 : [169, 47, 36, 377, 608, 329, 33493, 380]
30 : [183, 98587, 184, 98933, 301, 98963, 341, 309]
31 : [98587, 53, 309, 163949, 98615, 99030, 183, 341]
32 : [183, 98491, 163949, 309, 301, 53, 178, 318]
33 : [341, 163949, 98933, 53, 98587, 80, 702, 301]
34 : [309, 163949, 341, 98933, 98615, 99030, 53, 183]
35 : [329, 161, 265, 541, 594, 41, 111, 17]
36 : [264, 99030, 53, 98587, 98615, 341, 178, 183]
37 : [98933, 163949, 53, 309, 98491, 341, 301, 183]
38 : [163949, 98933, 99030, 341, 702, 49, 98615, 309]
39 : [523, 301, 559, 549, 321, 86, 429, 82]
40 : [668, 446, 458, 702, 392, 82, 363, 98615]
41 : [309, 59, 163949, 98615, 98963, 183, 702, 184]
42 : [179, 98615, 309, 116, 301, 123, 523, 59]
43 : [53, 301, 178, 59, 702, 574, 33171, 98963]
44 : [390, 347, 363, 206, 565, 8, 264, 309]
45 : [458, 535, 28, 30, 538, 213, 264, 491]
46 : [98963, 184, 309, 301, 667, 163949, 98615, 98587]
47 : [264, 309, 163949, 183, 178, 301, 53, 318]
48 : [163949, 301, 98587, 241, 98615, 98963, 309, 184]
49 : [184, 523, 26, 116, 278, 341, 702, 146]
50 : [363, 179, 264, 178, 213, 98587, 301, 116]
51 : [163949, 190, 49, 98963, 98587, 184, 183, 82]
52 : [98933, 33171, 483, 146, 390, 99030, 309, 559]
53 : [633, 179, 53, 264, 632, 301, 98615, 100]
54 : [390, 26, 178, 363, 665, 98491, 565, 116]
55 : [71, 264, 149, 267, 156, 363, 390, 565]
56 : [702, 30, 183, 59, 621, 178, 98615, 301]
57 : [301, 99030, 309, 341, 53, 33138, 32840, 184]
58 : [82, 123, 190, 599, 98963, 663, 492, 279]
59 : [341, 98587, 53, 163949, 301, 99030, 183, 178]
60 : [183, 309, 163949, 99030, 341, 33138, 98587, 103]
61 : [53, 163949, 341, 309, 98933, 621, 98963, 184]
62 : [565, 702, 176, 213, 574, 177, 98587, 501]
63 : [363, 633, 178, 326, 565, 250, 98491, 98933]
64 : [241, 556, 309, 53, 57, 581, 392, 458]
65 : [373, 482, 635, 338, 549, 678, 728, 116]
66 : [250, 123, 635, 98587, 205, 363, 301, 574]
67 : [179, 632, 98615, 565, 264, 80, 53, 363]
68 : [309, 33138, 163949, 183, 184, 632, 59, 32840]
69 : [99, 363, 98587, 99030, 309, 98615, 632, 53]
70 : [347, 390, 363, 309, 71, 565, 53, 264]
71 : [80, 301, 33138, 98963, 567, 98491, 100, 49]
72 : [98587, 309, 98615, 702, 53, 178, 565, 392]
73 : [98933, 163949, 80, 301, 53, 309, 559, 184]
74 : [390, 59, 98587, 116, 98615, 179, 33171, 301]
75 : [53, 103, 163949, 98933, 309, 301, 632, 59]
76 : [363, 98963, 702, 190, 49, 188, 98587, 240]
77 : [146, 632, 98963, 98615, 59, 53, 163949, 702]
78 : [183, 59, 702, 309, 559, 98963, 163949, 53]
79 : [176, 702, 581, 178, 326, 98615, 483, 33171]
80 : [574, 255, 98587, 392, 99, 301, 309, 213]
81 : [240, 271, 98963, 49, 363, 33138, 702, 98587]
82 : [309, 80, 163949, 301, 178, 183, 53, 32898]
83 : [53, 99030, 702, 621, 98933, 183, 98587, 98963]
84 : [632, 98963, 301, 565, 702, 309, 250, 98587]
85 : [632, 98933, 178, 301, 309, 98615, 163949, 53]
86 : [98615, 667, 264, 99030, 53, 98933, 183, 309]
87 : [123, 66203, 549, 149, 53, 264, 352, 178]
88 : [301, 341, 53, 98587, 559, 59, 309, 183]
89 : [264, 301, 99, 309, 523, 363, 549, 632]
90 : [347, 422, 309, 264, 149, 680, 178, 176]
91 : [53, 250, 116, 523, 390, 301, 632, 98933]
92 : [183, 99030, 53, 178, 163949, 341, 98615, 309]
93 : [446, 458, 26, 668, 665, 116, 279, 702]
94 : [458, 567, 178, 341, 309, 702, 98963, 59]
95 : [98963, 183, 98587, 702, 309, 49, 184, 178]
96 : [301, 633, 635, 131724, 392, 98963, 99030, 98615]
97 : [98963, 53, 702, 169, 250, 451, 279, 59]
98 : [534, 98587, 290, 98615, 224, 213, 390, 188]
99 : [264, 98933, 53, 390, 33138, 99030, 98587, 98615]
100 : [156, 149, 347, 233, 422, 8, 290, 178]
101 : [565, 98587, 59, 301, 98615, 632, 98933, 33138]
102 : [341, 184, 80, 309, 163949, 301, 183, 98933]
103 : [632, 574, 99030, 33171, 179, 213, 116, 178]
104 : [26, 559, 565, 178, 523, 98615, 632, 363]
105 : [98587, 163949, 98963, 301, 341, 183, 98933, 309]
106 : [384, 53, 163949, 240, 103, 98933, 32840, 184]
107 : [250, 98587, 99030, 99, 309, 116, 363, 53]
108 : [574, 665, 213, 309, 523, 116, 363, 33171]
109 : [79, 407, 477, 156, 140, 213, 301, 637]
110 : [549, 98615, 309, 53, 99030, 301, 116, 632]
111 : [183, 98963, 163949, 301, 98615, 98933, 98587, 341]
112 : [264, 290, 549, 347, 71, 8, 156, 178]
113 : [98615, 98587, 179, 53, 301, 632, 264, 309]
114 : [290, 392, 538, 40, 611, 41, 159, 116]
115 : [33138, 635, 633, 146, 483, 32840, 53, 668]
116 : [407, 98587, 491, 73, 671, 289, 237, 333]
117 : [523, 711, 53, 178, 179, 250, 309, 363]
118 : [98615, 163949, 98587, 98933, 99030, 309, 184, 98963]
119 : [184, 98963, 163949, 98933, 702, 183, 301, 98615]
120 : [53, 301, 163949, 178, 341, 183, 49, 98963]
121 : [98587, 301, 178, 309, 264, 341, 183, 163949]
122 : [146, 178, 98587, 183, 184, 264, 163949, 301]
123 : [146, 171, 73, 178, 116, 728, 608, 98491]
124 : [53, 59, 98933, 213, 178, 301, 116, 443]
125 : [163949, 184, 183, 309, 98963, 99030, 264, 53]
126 : [99, 559, 301, 98615, 599, 363, 53, 458]
127 : [483, 264, 633, 458, 233, 101, 663, 556]
128 : [163949, 264, 183, 184, 341, 98587, 98933, 98615]
129 : [611, 309, 711, 363, 289, 378, 98587, 99]
130 : [53, 163949, 146, 98587, 309, 98615, 341, 702]
131 : [98933, 178, 183, 184, 163949, 264, 98587, 301]
132 : [184, 702, 146, 53, 98615, 309, 183, 98963]
133 : [390, 98615, 301, 99030, 59, 98963, 632, 53]
134 : [301, 33138, 341, 99030, 53, 163949, 98963, 98587]
135 : [309, 28, 290, 457, 34, 158, 605, 423]
136 : [702, 632, 501, 492, 149, 123, 483, 176]
137 : [33138, 59, 301, 309, 341, 632, 183, 98963]
138 : [565, 53, 71, 702, 632, 309, 250, 59]
139 : [98933, 301, 59, 98963, 632, 103, 163949, 309]
140 : [458, 635, 392, 662, 178, 53, 446, 665]
141 : [309, 632, 176, 59, 451, 556, 704, 98963]
142 : [171, 250, 116, 53, 340, 257, 206, 309]
143 : [711, 633, 635, 98615, 309, 59, 98587, 53]
144 : [633, 458, 178, 309, 33171, 98587, 53, 301]
145 : [53, 523, 213, 98491, 665, 178, 301, 159]
146 : [556, 98963, 123, 632, 390, 565, 309, 146]
147 : [574, 101, 301, 309, 99030, 116, 99, 632]
148 : [33138, 183, 163949, 309, 184, 98615, 99030, 341]
149 : [98963, 33138, 26, 559, 668, 341, 567, 103]
150 : [98933, 184, 98615, 146, 53, 183, 98587, 163949]
151 : [53, 178, 183, 98587, 301, 99030, 163949, 309]
152 : [341, 559, 99030, 621, 53, 98615, 98963, 279]
153 : [98963, 326, 53, 702, 98933, 309, 264, 98615]
154 : [250, 233, 281, 178, 581, 156, 347, 149]
155 : [264, 99030, 98963, 632, 98587, 53, 33138, 59]
156 : [116, 98615, 279, 363, 250, 392, 422, 446]
157 : [183, 309, 98587, 98615, 53, 163949, 702, 99030]
158 : [264, 178, 169, 99, 301, 80, 98587, 465]
159 : [53, 483, 98587, 59, 702, 98963, 98615, 309]
160 : [98963, 163949, 702, 183, 98587, 301, 49, 98933]
161 : [301, 163949, 53, 98491, 309, 341, 183, 178]
162 : [632, 501, 390, 26, 363, 53, 146, 477]
163 : [702, 98587, 390, 99030, 53, 98963, 309, 301]
164 : [178, 53, 392, 264, 98963, 205, 667, 98587]
165 : [98587, 98963, 163949, 98933, 341, 53, 702, 183]
166 : [255, 101, 581, 559, 178, 309, 53, 501]
167 : [501, 632, 451, 178, 98491, 33171, 483, 53]
168 : [53, 80, 98615, 309, 178, 341, 301, 183]
169 : [80, 149, 567, 26, 98615, 341, 183, 163949]
170 : [66097, 720, 45, 17, 69, 216, 653, 442]
171 : [123, 99030, 250, 178, 465, 363, 635, 53]
172 : [341, 178, 183, 184, 163949, 98587, 301, 53]
173 : [264, 632, 53, 352, 98963, 581, 33171, 59]
174 : [73, 319, 203, 28, 194, 267, 314, 535]
175 : [123, 250, 483, 702, 98587, 98963, 451, 53]
176 : [178, 99030, 59, 98963, 98587, 702, 26, 183]
177 : [53, 163949, 301, 98933, 80, 309, 183, 341]
178 : [178, 483, 632, 309, 116, 98615, 53, 250]
179 : [264, 347, 20, 581, 501, 176, 178, 667]
180 : [101, 33171, 123, 559, 178, 363, 574, 523]
181 : [123, 308, 306, 352, 290, 392, 264, 232]
182 : [163949, 309, 98587, 301, 178, 53, 183, 99030]
183 : [309, 53, 33171, 363, 98963, 702, 99, 101]
184 : [53, 341, 301, 178, 98587, 163949, 264, 183]
185 : [309, 53, 163949, 99030, 702, 98933, 301, 49]
186 : [390, 581, 194, 188, 501, 98587, 29, 407]
187 : [264, 702, 163949, 49, 341, 184, 98963, 98587]
188 : [702, 309, 632, 33171, 33138, 49, 103, 53]
189 : [98587, 49, 178, 341, 183, 184, 702, 99030]
190 : [574, 549, 565, 632, 633, 458, 301, 99]
191 : [178, 341, 309, 301, 163949, 183, 559, 32898]
192 : [71, 178, 309, 458, 633, 663, 711, 483]
193 : [116, 363, 98963, 32898, 53, 309, 98587, 178]
194 : [213, 33171, 309, 53, 99, 101, 632, 363]
195 : [567, 53, 98933, 621, 163949, 702, 178, 183]
196 : [98933, 33138, 116, 390, 559, 565, 32840, 80]
197 : [309, 163949, 702, 33138, 301, 26, 183, 59]
198 : [183, 98933, 702, 621, 98587, 163949, 98963, 309]
199 : [98615, 53, 301, 163949, 98933, 98587, 702, 178]
200 : [99030, 341, 184, 183, 53, 98963, 98933, 98587]
201 : [166, 309, 632, 59, 98587, 53, 116, 301]
202 : [309, 26, 178, 146, 53, 451, 241, 301]
203 : [392, 702, 633, 98963, 99030, 98615, 363, 309]
204 : [232, 86, 665, 123, 154, 156, 162, 176]
205 : [163949, 559, 702, 632, 704, 98615, 98963, 149]
206 : [98491, 59, 390, 264, 32898, 301, 98615, 171]
207 : [97, 26, 581, 116, 33004, 178, 176, 66097]
208 : [635, 98587, 443, 728, 99030, 98933, 66097, 13]
209 : [262, 176, 26, 521, 422, 178, 392, 232]
210 : [81, 452, 632, 309, 279, 581, 373, 565]
211 : [241, 309, 458, 183, 163949, 59, 98587, 632]
212 : [341, 309, 301, 53, 183, 98963, 98933, 163949]
213 : [341, 309, 53, 702, 98615, 163949, 98587, 98963]
214 : [163949, 99030, 309, 53, 33138, 559, 341, 98615]
215 : [363, 633, 250, 390, 178, 59, 632, 98587]
216 : [178, 458, 99030, 446, 279, 363, 116, 483]
217 : [341, 163949, 309, 98963, 301, 98491, 702, 98587]
218 : [309, 99030, 146, 314, 270, 483, 492, 373]
219 : [99030, 458, 116, 565, 98615, 309, 363, 71]
220 : [184, 99030, 98933, 98587, 264, 163949, 702, 53]
221 : [70, 611, 213, 581, 280, 289, 301, 180]
222 : [98615, 264, 99030, 184, 183, 301, 33138, 32840]
223 : [279, 28, 26, 59, 665, 390, 71, 267]
224 : [465, 98587, 390, 458, 667, 264, 178, 98933]
225 : [549, 213, 98491, 523, 80, 116, 53, 26]
226 : [562, 299, 185, 180, 428, 574, 162, 314]
227 : [621, 99030, 341, 183, 32840, 184, 98933, 8]
228 : [565, 116, 178, 59, 250, 301, 390, 98587]
229 : [80, 264, 103, 309, 32898, 183, 163949, 184]
230 : [702, 98587, 384, 567, 178, 98963, 183, 184]
231 : [363, 632, 53, 574, 213, 301, 728, 80]
232 : [184, 98587, 341, 98933, 309, 163949, 301, 702]
233 : [279, 116, 267, 720, 97, 146, 428, 322]
234 : [149, 98963, 103, 632, 53, 59, 146, 163949]
235 : [392, 178, 98587, 98615, 116, 250, 99030, 26]
236 : [301, 53, 98963, 183, 99030, 184, 98587, 702]
237 : [66203, 171, 98963, 326, 116, 309, 53, 98491]
238 : [98587, 98963, 341, 178, 632, 702, 183, 523]
239 : [53, 184, 341, 98933, 183, 163949, 98963, 98587]
240 : [98933, 98587, 53, 301, 99030, 163949, 183, 98615]
241 : [458, 632, 33171, 53, 363, 98615, 301, 523]
242 : [178, 98963, 53, 98933, 309, 702, 301, 163949]
243 : [301, 309, 183, 98933, 98587, 163949, 33138, 341]
244 : [184, 632, 98587, 33138, 98963, 183, 53, 163949]
245 : [301, 98587, 363, 99030, 633, 635, 99, 178]
246 : [458, 309, 363, 98491, 301, 178, 33171, 53]
247 : [264, 99030, 98933, 98963, 53, 98587, 309, 341]
248 : [702, 53, 98587, 178, 98615, 98963, 279, 309]
249 : [632, 574, 116, 178, 665, 458, 33171, 728]
250 : [635, 59, 390, 98587, 392, 632, 565, 702]
251 : [99030, 341, 98933, 184, 183, 98963, 98587, 702]
252 : [66203, 702, 123, 451, 549, 149, 178, 98963]
253 : [309, 341, 53, 98963, 702, 146, 98587, 183]
254 : [632, 702, 250, 465, 635, 213, 80, 301]
255 : [301, 98587, 465, 59, 205, 632, 633, 635]
256 : [322, 482, 26, 116, 667, 71, 149, 229]
257 : [98615, 49, 241, 559, 99030, 178, 309, 341]
258 : [32898, 149, 326, 98933, 575, 80, 163949, 98491]
259 : [483, 562, 559, 556, 665, 98587, 98491, 495]
260 : [213, 702, 574, 523, 98491, 59, 301, 179]
261 : [301, 632, 178, 523, 53, 559, 179, 574]
262 : [301, 341, 99030, 98963, 163949, 98615, 309, 183]
263 : [363, 98615, 279, 264, 250, 26, 99030, 392]
264 : [309, 301, 53, 49, 98587, 98963, 183, 178]
265 : [98615, 363, 341, 309, 301, 98963, 98587, 49]
266 : [53, 99030, 98933, 163949, 341, 309, 301, 146]
267 : [98933, 178, 213, 301, 341, 363, 33171, 80]
268 : [702, 183, 559, 53, 98963, 309, 301, 33138]
269 : [289, 326, 247, 206, 514, 373, 515, 86]
270 : [702, 250, 59, 98615, 301, 98963, 565, 53]
271 : [309, 26, 183, 702, 341, 59, 301, 33138]
272 : [59, 33138, 98615, 559, 373, 166, 176, 32840]
273 : [565, 704, 702, 53, 451, 668, 98615, 309]
274 : [522, 264, 363, 390, 633, 8, 98615, 309]
275 : [271, 702, 309, 632, 184, 53, 183, 98963]
276 : [58, 515, 309, 81, 36, 235, 565, 198]
277 : [309, 98615, 53, 178, 559, 574, 301, 98963]
278 : [116, 178, 340, 250, 149, 452, 146, 309]
279 : [101, 99030, 53, 632, 98587, 99, 633, 33171]
280 : [149, 116, 662, 667, 213, 348, 347, 429]
281 : [301, 309, 458, 59, 99030, 98587, 250, 213]
282 : [549, 98963, 98587, 702, 59, 451, 146, 99030]
283 : [98933, 241, 103, 184, 146, 163949, 98963, 702]
284 : [178, 149, 156, 549, 264, 8, 71, 309]
285 : [98963, 53, 33138, 26, 702, 309, 163949, 59]
286 : [702, 363, 668, 341, 183, 184, 30, 98963]
287 : [98963, 264, 98615, 309, 183, 702, 163949, 301]
288 : [363, 53, 458, 99, 101, 574, 213, 301]
289 : [308, 475, 264, 156, 534, 535, 704, 162]
290 : [711, 565, 99030, 523, 166, 98615, 309, 171]
291 : [309, 53, 702, 559, 33171, 123, 26, 523]
292 : [183, 702, 163949, 341, 184, 98587, 53, 98933]
293 : [98491, 80, 99, 549, 523, 53, 390, 559]
294 : [53, 98933, 98963, 163949, 80, 621, 184, 183]
295 : [341, 309, 99030, 98963, 163949, 98933, 53, 98587]
296 : [59, 171, 98615, 565, 390, 328, 41, 99030]
297 : [53, 163949, 98615, 341, 98587, 178, 702, 49]
298 : [458, 98963, 59, 98587, 635, 279, 264, 633]
299 : [183, 103, 163949, 53, 98933, 309, 98963, 702]
300 : [178, 53, 565, 179, 702, 632, 523, 59]
301 : [86, 581, 314, 348, 176, 549, 352, 665]
302 : [213, 301, 309, 523, 33171, 98491, 574, 99]
303 : [163949, 183, 341, 99030, 702, 98963, 98615, 309]
304 : [309, 183, 702, 301, 99030, 53, 98587, 98615]
305 : [178, 98933, 289, 264, 98491, 326, 633, 98587]
306 : [301, 163949, 80, 183, 184, 98933, 98963, 702]
307 : [99030, 98615, 301, 565, 458, 99, 98587, 279]
308 : [667, 363, 458, 26, 99030, 250, 80, 116]
309 : [98615, 53, 99030, 183, 98933, 301, 163949, 309]
310 : [475, 301, 446, 250, 451, 80, 131724, 233]
311 : [53, 184, 98587, 301, 183, 99030, 559, 98933]
312 : [98587, 53, 341, 702, 98933, 163949, 301, 183]
313 : [574, 53, 309, 301, 565, 98587, 98933, 33138]
314 : [30, 98963, 633, 98587, 390, 635, 33138, 668]
315 : [125, 429, 82, 392, 663, 446, 289, 98615]
316 : [98933, 103, 116, 123, 53, 183, 98587, 59]
317 : [611, 581, 264, 30, 556, 309, 178, 458]
318 : [13, 565, 116, 206, 190, 446, 188, 33138]
319 : [99, 523, 53, 574, 301, 309, 264, 178]
320 : [98963, 49, 178, 309, 632, 183, 184, 702]
321 : [363, 33138, 392, 390, 98615, 301, 633, 635]
322 : [116, 422, 183, 233, 240, 521, 341, 384]
323 : [53, 146, 711, 663, 99, 159, 59, 101]
324 : [632, 183, 98963, 59, 146, 635, 53, 341]
325 : [422, 515, 610, 290, 309, 58, 235, 662]
326 : [483, 417, 53, 98963, 59, 632, 229, 222]
327 : [163949, 98963, 704, 309, 341, 240, 363, 190]
328 : [98615, 309, 341, 53, 301, 33138, 98587, 98963]
329 : [176, 149, 59, 53, 451, 309, 632, 492]
330 : [178, 183, 559, 98491, 309, 163949, 53, 116]
331 : [179, 98587, 635, 309, 53, 445, 213, 178]
332 : [98933, 98615, 314, 443, 131724, 156, 98491, 492]
333 : [183, 341, 567, 98963, 309, 131724, 178, 53]
334 : [255, 307, 378, 501, 232, 668, 32898, 565]
335 : [341, 49, 581, 98963, 278, 523, 30, 82]
336 : [309, 98587, 183, 178, 301, 99030, 53, 98963]
337 : [59, 98615, 53, 99030, 465, 632, 633, 363]
338 : [53, 341, 183, 98587, 178, 163949, 301, 99030]
339 : [103, 99030, 98963, 98615, 98587, 341, 53, 702]
340 : [98933, 99030, 98615, 163949, 309, 392, 250, 80]
341 : [53, 565, 66097, 270, 309, 178, 599, 422]
342 : [99030, 163949, 178, 183, 341, 98933, 264, 98615]
343 : [632, 451, 33171, 702, 309, 123, 59, 99030]
344 : [183, 341, 309, 98587, 163949, 98963, 301, 103]
345 : [309, 250, 131724, 451, 99030, 177, 98615, 98963]
346 : [98933, 53, 163949, 702, 98963, 301, 98615, 309]
347 : [451, 179, 98963, 445, 549, 33171, 116, 250]
348 : [163949, 98933, 178, 341, 183, 301, 53, 80]
349 : [451, 702, 301, 59, 98491, 123, 53, 98963]
350 : [621, 49, 99030, 309, 146, 163949, 341, 98963]
351 : [101, 53, 213, 523, 116, 99, 179, 270]
352 : [178, 205, 98963, 702, 390, 98587, 565, 98615]
353 : [59, 98615, 621, 632, 53, 559, 309, 98963]
354 : [363, 98587, 632, 99030, 264, 99, 101, 301]
355 : [33138, 341, 163949, 26, 702, 384, 98963, 271]
356 : [80, 445, 443, 41, 290, 156, 559, 501]
357 : [667, 632, 53, 458, 549, 392, 309, 506]
358 : [80, 98587, 98963, 301, 53, 309, 341, 702]
359 : [99030, 309, 98587, 279, 98933, 702, 633, 392]
360 : [611, 213, 171, 233, 123, 100, 663, 53]
361 : [123, 53, 702, 270, 390, 66203, 59, 565]
362 : [53, 363, 392, 326, 635, 668, 99030, 279]
363 : [98587, 99030, 301, 53, 309, 363, 33171, 116]
364 : [702, 621, 53, 241, 98587, 309, 99030, 341]
365 : [53, 59, 309, 98615, 184, 326, 98587, 341]
366 : [663, 270, 213, 59, 146, 98587, 8, 314]
367 : [341, 98615, 309, 99030, 26, 53, 183, 98963]
368 : [680, 714, 534, 407, 156, 222, 309, 289]
369 : [458, 363, 309, 213, 523, 98587, 116, 574]
370 : [53, 98933, 178, 59, 301, 632, 309, 98615]
371 : [98587, 49, 567, 301, 116, 702, 183, 98963]
372 : [85, 303, 483, 412, 230, 538, 495, 154]
373 : [702, 98587, 98963, 99030, 98615, 240, 341, 80]
374 : [632, 451, 33138, 123, 523, 301, 702, 59]
375 : [574, 99, 213, 458, 523, 264, 632, 33171]
376 : [264, 53, 98587, 178, 301, 163949, 205, 632]
377 : [635, 392, 550, 321, 82, 314, 301, 290]
378 : [80, 99030, 341, 98587, 163949, 301, 702, 183]
379 : [309, 301, 99030, 98963, 341, 183, 702, 53]
380 : [98933, 163949, 99030, 80, 183, 98615, 309, 184]
381 : [98587, 611, 465, 309, 633, 559, 279, 98933]
382 : [163949, 702, 621, 271, 98963, 341, 149, 98933]
383 : [98963, 559, 702, 99030, 309, 163949, 146, 341]
384 : [53, 33138, 163949, 309, 59, 98587, 264, 567]
385 : [163949, 178, 183, 559, 309, 301, 98587, 99030]
386 : [99030, 178, 98587, 301, 264, 146, 309, 279]
387 : [183, 32840, 80, 184, 99030, 146, 309, 53]
388 : [184, 341, 183, 53, 98615, 98933, 309, 98963]
389 : [176, 458, 445, 667, 581, 309, 559, 392]
390 : [98963, 123, 116, 309, 390, 565, 702, 301]
391 : [341, 559, 53, 98615, 301, 183, 98587, 163949]
392 : [407, 41, 328, 99030, 351, 207, 146, 599]
393 : [205, 363, 59, 250, 301, 178, 98933, 98615]
394 : [309, 632, 59, 53, 98963, 341, 98587, 702]
395 : [59, 53, 178, 632, 98963, 575, 565, 326]
396 : [309, 363, 99, 178, 301, 80, 632, 123]
397 : [631, 501, 73, 390, 188, 355, 348, 347]
398 : [384, 59, 163949, 341, 271, 99030, 98615, 309]
399 : [163949, 301, 146, 309, 184, 341, 178, 183]
400 : [178, 301, 53, 98587, 183, 163949, 99030, 309]
401 : [632, 26, 702, 565, 250, 53, 59, 116]
402 : [98587, 98933, 565, 171, 702, 163949, 98615, 98963]
403 : [347, 309, 373, 667, 632, 678, 205, 233]
404 : [184, 309, 301, 49, 98587, 621, 80, 183]
405 : [163949, 559, 240, 98933, 98963, 98587, 309, 183]
406 : [621, 702, 163949, 98963, 178, 183, 184, 711]
407 : [183, 184, 98615, 309, 341, 53, 301, 99030]
408 : [98615, 702, 183, 98963, 53, 341, 301, 98933]
409 : [178, 98615, 156, 98587, 458, 516, 667, 98933]
410 : [632, 30, 309, 250, 581, 556, 178, 635]
411 : [53, 98933, 163949, 103, 240, 32898, 309, 184]
412 : [99030, 702, 163949, 309, 98933, 98587, 341, 98963]
413 : [213, 233, 26, 230, 73, 667, 116, 179]
414 : [53, 49, 98587, 301, 309, 178, 163949, 341]
415 : [556, 176, 178, 101, 483, 581, 611, 309]
416 : [99030, 341, 183, 53, 163949, 178, 98615, 301]
417 : [103, 621, 26, 53, 98933, 98963, 183, 309]
418 : [301, 53, 559, 116, 166, 26, 451, 632]
419 : [53, 179, 392, 264, 458, 301, 667, 632]
420 : [309, 59, 621, 341, 271, 131724, 483, 98963]
421 : [163949, 80, 178, 183, 53, 301, 309, 633]
422 : [98615, 53, 341, 301, 163949, 183, 264, 178]
423 : [98963, 184, 99030, 98933, 98615, 163949, 301, 98587]
424 : [33171, 188, 213, 28, 32840, 574, 59, 301]
425 : [390, 98587, 565, 179, 523, 574, 33171, 309]
426 : [184, 98933, 53, 183, 98963, 559, 163949, 241]
427 : [98587, 98933, 98615, 309, 163949, 702, 301, 98963]
428 : [99030, 183, 98963, 98587, 98615, 341, 163949, 53]
429 : [146, 59, 599, 213, 98587, 101, 276, 428]
430 : [184, 309, 26, 98963, 301, 53, 163949, 384]
431 : [98615, 341, 309, 103, 163949, 183, 53, 98933]
432 : [99030, 183, 98615, 8, 621, 98933, 53, 309]
433 : [309, 98587, 183, 341, 99030, 163949, 301, 53]
434 : [163949, 98587, 301, 184, 183, 178, 309, 702]
435 : [523, 178, 99030, 179, 123, 98963, 213, 702]
436 : [53, 99030, 702, 163949, 98587, 301, 98963, 146]
437 : [549, 458, 309, 599, 98615, 176, 347, 662]
438 : [390, 445, 32898, 663, 363, 179, 98963, 378]
439 : [184, 702, 341, 53, 98615, 309, 98963, 98587]
440 : [458, 264, 250, 99, 301, 53, 523, 632]
441 : [390, 575, 53, 702, 99030, 326, 98615, 98587]
442 : [702, 341, 309, 59, 163949, 183, 98963, 632]
443 : [53, 178, 179, 33171, 574, 59, 632, 98963]
444 : [632, 99, 116, 178, 179, 98491, 213, 301]
445 : [98933, 390, 326, 309, 483, 98587, 264, 255]
446 : [233, 33138, 183, 549, 184, 523, 334, 116]
447 : [53, 667, 80, 301, 98615, 264, 183, 163949]
448 : [116, 53, 213, 702, 98587, 668, 59, 301]
449 : [309, 183, 178, 301, 163949, 341, 559, 32898]
450 : [98963, 98615, 567, 483, 458, 53, 49, 309]
451 : [392, 321, 314, 213, 98615, 98491, 178, 13]
452 : [98933, 53, 184, 183, 702, 146, 341, 98587]
453 : [53, 301, 163949, 309, 341, 183, 98933, 103]
454 : [71, 407, 534, 156, 338, 702, 322, 514]
455 : [53, 98933, 33171, 98587, 309, 98491, 166, 301]
456 : [99030, 702, 451, 352, 668, 632, 146, 98615]
457 : [98963, 341, 98933, 98615, 163949, 309, 98587, 183]
458 : [163949, 309, 183, 184, 98587, 98615, 99030, 341]
459 : [422, 390, 363, 264, 309, 178, 501, 149]
460 : [183, 99030, 301, 309, 98587, 98615, 53, 163949]
461 : [98963, 98933, 146, 163949, 341, 183, 184, 80]
462 : [621, 183, 190, 241, 264, 98587, 309, 341]
463 : [309, 163949, 99030, 98615, 98587, 559, 301, 702]
464 : [13, 213, 71, 667, 159, 40, 26, 347]
465 : [451, 53, 445, 33171, 33138, 702, 559, 98615]
466 : [98933, 341, 98963, 98587, 309, 53, 163949, 183]
467 : [635, 32840, 501, 392, 290, 98615, 458, 668]
468 : [53, 146, 98587, 163949, 301, 80, 702, 184]
469 : [53, 213, 98491, 301, 179, 363, 178, 632]
470 : [250, 264, 131724, 13, 301, 363, 99030, 98615]
471 : [53, 565, 178, 99030, 632, 98933, 163949, 98587]
472 : [98615, 99030, 163949, 98933, 341, 264, 309, 98963]
473 : [301, 458, 451, 59, 392, 219, 98615, 632]
474 : [98963, 53, 49, 98587, 363, 241, 309, 341]
475 : [702, 53, 33138, 309, 567, 559, 163949, 621]
476 : [347, 565, 178, 116, 190, 446, 309, 123]
477 : [702, 289, 98963, 290, 272, 29, 668, 194]
478 : [59, 668, 301, 98963, 98587, 352, 53, 250]
479 : [98933, 326, 271, 183, 98963, 278, 702, 363]
480 : [702, 98587, 301, 99030, 53, 565, 98963, 98615]
481 : [98587, 183, 53, 341, 163949, 99030, 309, 98615]
482 : [702, 559, 146, 116, 166, 301, 98963, 309]
483 : [309, 53, 98587, 98615, 98963, 98933, 702, 163949]
484 : [390, 501, 363, 347, 309, 71, 267, 264]
485 : [183, 341, 98933, 621, 163949, 32840, 103, 190]
486 : [565, 301, 309, 98615, 702, 98963, 98587, 98933]
487 : [178, 301, 309, 183, 98615, 559, 163949, 32898]
488 : [98587, 99030, 59, 219, 483, 308, 465, 309]
489 : [363, 559, 309, 301, 98491, 53, 59, 179]
490 : [423, 26, 149, 28, 73, 290, 322, 194]
491 : [49, 702, 183, 184, 190, 240, 241, 98587]
492 : [241, 146, 611, 445, 171, 301, 8, 492]
493 : [98587, 116, 458, 178, 559, 98491, 663, 250]
494 : [279, 98587, 116, 702, 123, 33138, 98963, 53]
495 : [116, 458, 99, 101, 33171, 574, 363, 632]
496 : [301, 99030, 49, 309, 53, 559, 183, 163949]
497 : [98615, 178, 241, 702, 163949, 98963, 240, 363]
498 : [43, 306, 3, 328, 29, 257, 662, 611]
499 : [301, 98615, 99030, 53, 98963, 702, 309, 178]
500 : [309, 98587, 301, 559, 183, 8, 163949, 98933]
501 : [183, 184, 309, 103, 702, 98933, 483, 99030]
502 : [341, 178, 301, 99030, 702, 98615, 183, 53]
503 : [632, 33171, 98963, 483, 184, 567, 702, 241]
504 : [711, 465, 73, 446, 728, 116, 26, 171]
505 : [163949, 98587, 301, 309, 98615, 183, 341, 184]
506 : [267, 363, 71, 309, 392, 390, 264, 347]
507 : [451, 264, 702, 581, 149, 492, 632, 98963]
508 : [53, 341, 301, 98587, 183, 163949, 178, 99030]
509 : [301, 53, 163949, 184, 183, 702, 98587, 146]
510 : [98963, 98587, 309, 53, 163949, 702, 183, 341]
511 : [264, 178, 341, 163949, 301, 183, 80, 309]
512 : [183, 103, 301, 98615, 702, 341, 80, 632]
513 : [71, 264, 632, 98587, 663, 363, 255, 53]
514 : [702, 183, 163949, 341, 98615, 99030, 98963, 98933]
515 : [556, 720, 475, 99030, 492, 348, 663, 599]
516 : [264, 53, 632, 98587, 301, 309, 98615, 633]
517 : [101, 363, 178, 53, 301, 458, 574, 33171]
518 : [702, 32840, 184, 98933, 183, 301, 309, 53]
519 : [98963, 341, 98615, 183, 309, 702, 99030, 163949]
520 : [702, 559, 166, 98963, 99030, 250, 146, 352]
521 : [98933, 33138, 390, 632, 159, 166, 702, 98615]
522 : [483, 183, 178, 341, 567, 49, 98587, 53]
523 : [59, 116, 98963, 390, 53, 98933, 565, 702]
524 : [99030, 163949, 341, 667, 559, 98615, 301, 183]
525 : [702, 309, 301, 98615, 53, 163949, 341, 559]
526 : [98615, 89, 340, 351, 565, 229, 492, 516]
527 : [702, 53, 163949, 149, 183, 184, 33138, 98963]
528 : [632, 59, 326, 53, 149, 131724, 279, 347]
529 : [341, 99030, 301, 98587, 163949, 98933, 309, 184]
530 : [166, 264, 98587, 33138, 483, 33171, 59, 632]
531 : [103, 146, 149, 178, 98963, 183, 184, 98587]
532 : [179, 301, 458, 178, 59, 632, 523, 99]
533 : [458, 559, 363, 179, 166, 565, 301, 53]
534 : [184, 702, 621, 98587, 309, 183, 264, 98933]
535 : [163949, 301, 309, 341, 53, 98491, 183, 178]
536 : [559, 163949, 80, 98615, 309, 146, 301, 183]
537 : [301, 183, 33138, 53, 98615, 99030, 163949, 309]
538 : [146, 80, 184, 163949, 178, 301, 183, 559]
539 : [178, 309, 255, 363, 378, 392, 390, 523]
540 : [59, 565, 233, 301, 99030, 82, 451, 250]
541 : [574, 101, 33171, 665, 80, 98615, 443, 363]
542 : [59, 309, 565, 559, 190, 98933, 166, 163949]
543 : [98933, 163949, 183, 98491, 8, 98963, 264, 702]
544 : [341, 99030, 49, 163949, 53, 98963, 183, 363]
545 : [98587, 98963, 183, 301, 178, 309, 341, 53]
546 : [156, 565, 98615, 523, 241, 116, 26, 32898]
547 : [184, 98587, 183, 98963, 301, 53, 80, 98933]
548 : [98933, 99030, 264, 98587, 183, 163949, 341, 178]
549 : [338, 714, 549, 534, 71, 98491, 194, 98615]
550 : [98963, 99030, 163949, 341, 309, 184, 53, 183]
551 : [183, 301, 309, 98615, 702, 632, 53, 33138]
552 : [363, 53, 98615, 99030, 309, 301, 178, 98587]
553 : [98933, 183, 98963, 184, 149, 163949, 559, 46]
554 : [98933, 166, 340, 123, 445, 632, 635, 663]
555 : [98933, 53, 301, 183, 163949, 98963, 309, 702]
556 : [581, 483, 101, 556, 309, 53, 632, 30]
557 : [446, 26, 451, 565, 702, 98587, 116, 80]
558 : [98963, 559, 702, 341, 309, 301, 98933, 53]
559 : [341, 98963, 183, 184, 98615, 163949, 53, 309]
560 : [363, 98587, 301, 632, 213, 33171, 99, 309]
561 : [163949, 98615, 341, 309, 301, 183, 53, 184]
562 : [309, 98587, 98933, 301, 53, 183, 559, 702]
563 : [98587, 59, 99030, 98963, 33138, 309, 98615, 341]
564 : [98933, 80, 98587, 99030, 301, 98963, 163949, 702]
565 : [178, 163949, 99030, 98491, 301, 341, 183, 53]
566 : [98933, 59, 32898, 550, 565, 169, 86, 149]
567 : [98615, 301, 53, 205, 250, 99030, 465, 633]
568 : [98491, 301, 264, 163949, 53, 178, 341, 183]
569 : [309, 363, 702, 99030, 98615, 98963, 59, 98933]
570 : [443, 446, 334, 314, 171, 98933, 309, 492]
571 : [98933, 458, 390, 392, 347, 633, 86, 59]
572 : [82, 33138, 80, 205, 446, 131724, 116, 635]
573 : [98587, 309, 178, 390, 429, 59, 101, 559]
574 : [301, 183, 702, 341, 98933, 632, 80, 163949]
575 : [309, 99030, 163949, 98587, 702, 98615, 341, 53]
576 : [326, 98615, 309, 565, 632, 702, 279, 59]
577 : [309, 632, 53, 702, 59, 98963, 301, 26]
578 : [131724, 98615, 98963, 103, 702, 341, 632, 178]
579 : [33493, 671, 47, 329, 296, 260, 318, 589]
580 : [98615, 163949, 309, 301, 184, 341, 183, 98933]
581 : [73, 149, 631, 233, 176, 98491, 159, 162]
582 : [392, 559, 250, 702, 178, 53, 98587, 98933]
583 : [194, 281, 98587, 668, 162, 156, 407, 534]
584 : [241, 33138, 98587, 98933, 632, 98963, 567, 49]
585 : [702, 163949, 183, 53, 98963, 98587, 301, 99030]
586 : [341, 184, 178, 103, 163949, 98587, 183, 702]
587 : [184, 98933, 301, 99030, 702, 53, 98587, 309]
588 : [99030, 98587, 301, 178, 341, 163949, 53, 183]
589 : [163949, 301, 264, 309, 632, 53, 98933, 178]
590 : [101, 53, 574, 99, 178, 632, 363, 633]
591 : [446, 319, 98615, 154, 534, 290, 548, 549]
592 : [301, 98615, 163949, 309, 702, 183, 53, 98933]
593 : [264, 53, 301, 523, 99, 98615, 98933, 98491]
594 : [98615, 702, 53, 33138, 309, 632, 390, 59]
595 : [301, 98615, 80, 183, 103, 621, 163949, 98933]
596 : [178, 341, 163949, 98615, 184, 309, 702, 264]
597 : [53, 309, 98963, 99030, 621, 98933, 98615, 702]
598 : [146, 98587, 309, 53, 98963, 98615, 99030, 184]
599 : [146, 103, 632, 131724, 26, 309, 98963, 184]
600 : [290, 257, 611, 98587, 565, 390, 559, 307]
601 : [581, 178, 183, 702, 99030, 131724, 279, 98615]
602 : [98615, 183, 99030, 53, 341, 178, 98587, 264]
603 : [309, 99030, 53, 59, 103, 341, 632, 183]
604 : [73, 373, 270, 267, 146, 551, 28, 279]
605 : [163949, 99030, 178, 667, 98587, 98615, 98933, 326]
606 : [250, 668, 53, 667, 98587, 123, 301, 451]
607 : [559, 53, 309, 98615, 184, 183, 98963, 98587]
608 : [309, 183, 184, 98933, 341, 53, 301, 99030]
609 : [33138, 183, 184, 163949, 103, 229, 98587, 59]
610 : [146, 702, 312, 309, 99030, 567, 98587, 49]
611 : [82, 32898, 534, 326, 565, 363, 156, 98963]
612 : [98933, 99030, 163949, 702, 53, 98963, 183, 341]
613 : [98963, 392, 32840, 26, 635, 702, 205, 314]
614 : [178, 711, 99030, 184, 98963, 163949, 183, 702]
615 : [184, 241, 98933, 309, 80, 163949, 559, 702]
616 : [178, 267, 363, 565, 264, 149, 71, 347]
617 : [53, 549, 99, 632, 633, 309, 146, 98587]
618 : [53, 241, 98615, 309, 633, 611, 635, 632]
619 : [80, 341, 163949, 309, 301, 178, 183, 264]
620 : [98933, 98587, 559, 163949, 704, 633, 465, 99030]
621 : [53, 98963, 98587, 702, 341, 98933, 33138, 183]
622 : [581, 309, 556, 250, 123, 99030, 483, 635]
623 : [98963, 523, 179, 632, 53, 264, 451, 702]
624 : [702, 98963, 163949, 341, 301, 309, 98933, 98587]
625 : [98963, 213, 483, 53, 49, 98587, 458, 279]
626 : [632, 301, 53, 59, 179, 178, 131724, 33171]
627 : [301, 123, 53, 98491, 363, 33171, 443, 458]
628 : [99030, 301, 178, 183, 53, 103, 163949, 98587]
629 : [264, 363, 98615, 40, 392, 309, 633, 279]
630 : [98615, 338, 32898, 213, 390, 492, 59, 326]
631 : [250, 309, 97, 59, 422, 171, 178, 13]
632 : [309, 178, 255, 565, 390, 279, 429, 363]
633 : [363, 53, 665, 98491, 632, 33171, 179, 301]
634 : [422, 81, 549, 58, 290, 662, 309, 565]
635 : [80, 309, 99030, 301, 458, 632, 635, 250]
636 : [184, 301, 80, 146, 178, 183, 341, 163949]
637 : [538, 57, 309, 633, 581, 290, 559, 98491]
638 : [318, 314, 260, 593, 356, 362, 480, 48]
639 : [301, 163949, 178, 183, 80, 309, 341, 32898]
640 : [279, 575, 565, 549, 390, 177, 451, 702]
641 : [53, 183, 178, 559, 301, 163949, 309, 80]
642 : [205, 506, 702, 98615, 309, 465, 326, 392]
643 : [714, 407, 194, 428, 501, 162, 338, 281]
644 : [98963, 635, 184, 183, 98587, 99030, 33138, 98615]
645 : [635, 363, 458, 178, 279, 309, 565, 98615]
646 : [309, 702, 341, 184, 163949, 103, 183, 98963]
647 : [98963, 559, 53, 341, 301, 702, 183, 163949]
648 : [99030, 163949, 98963, 301, 702, 98615, 559, 183]
649 : [458, 632, 99, 301, 178, 179, 363, 53]
650 : [98587, 101, 213, 549, 179, 445, 667, 309]
651 : [33171, 363, 443, 523, 178, 116, 250, 98491]
652 : [183, 163949, 341, 98587, 53, 184, 264, 309]
653 : [178, 33171, 98491, 667, 205, 80, 264, 99030]
654 : [53, 98615, 98587, 98933, 183, 184, 163949, 80]
655 : [183, 271, 341, 229, 33138, 32840, 559, 103]
656 : [178, 163949, 98963, 53, 49, 98587, 80, 702]
657 : [264, 30, 556, 458, 728, 392, 116, 213]
658 : [123, 483, 702, 116, 559, 178, 53, 98615]
659 : [702, 98933, 99030, 183, 178, 98963, 98587, 53]
660 : [98933, 702, 163949, 98615, 341, 184, 98587, 183]
661 : [363, 632, 213, 309, 98615, 98587, 53, 179]
662 : [163949, 146, 178, 183, 184, 98587, 301, 99030]
663 : [347, 178, 443, 326, 255, 176, 309, 556]
664 : [163949, 99030, 301, 178, 309, 98615, 341, 98933]
665 : [163949, 341, 621, 183, 99030, 98933, 301, 98963]
666 : [178, 523, 53, 213, 98587, 301, 116, 309]
667 : [98933, 53, 178, 559, 183, 309, 98491, 163949]
668 : [549, 338, 538, 714, 326, 29, 599, 392]
669 : [702, 59, 98963, 309, 98615, 163949, 632, 53]
670 : [264, 99030, 98963, 163949, 341, 146, 178, 183]
671 : [98615, 99030, 301, 98587, 53, 309, 458, 633]
