1 : [98, 391, 119, 131451, 651, 650, 126, 124]
2 : [614, 438, 437, 418, 564, 32844, 563, 569]
3 : [181, 124, 336, 496, 335, 498, 98369, 499]
4 : [498, 131, 129, 32844, 615, 519, 528, 137]
5 : [617, 721, 573, 305, 569, 563, 437, 438]
6 : [630, 131, 409, 414, 124, 126, 418, 119]
7 : [546, 696, 343, 66066, 131, 528, 526, 698]
8 : [565, 305, 33085, 710, 324, 325, 335, 336]
9 : [565, 617, 291, 131, 438, 98369, 99005, 129]
10 : [565, 331, 131451, 408, 561, 564, 83, 209]
11 : [565, 630, 324, 325, 696, 698, 331, 614]
12 : [630, 473, 484, 137, 486, 129, 131, 496]
13 : [626, 251, 263, 65802, 274, 283, 305, 66198]
14 : [137, 427, 703, 418, 414, 99005, 409, 408]
15 : [98908, 626, 617, 614, 615, 228, 603, 630]
16 : [630, 174, 473, 484, 486, 496, 498, 499]
17 : [137, 554, 561, 564, 563, 391, 569, 573]
18 : [131714, 283, 137, 546, 131451, 129, 131, 651]
19 : [554, 408, 114, 228, 526, 33158, 393, 124]
20 : [251, 98369, 630, 64, 626, 263, 703, 65802]
21 : [502, 98908, 391, 33158, 408, 98, 409, 414]
22 : [565, 87, 391, 703, 687, 393, 33158, 83]
23 : [343, 114, 251, 687, 66066, 692, 374, 98]
24 : [565, 564, 569, 358, 124, 126, 33124, 563]
25 : [33158, 98908, 124, 126, 603, 119, 114, 33085]
26 : [32844, 131, 33124, 129, 656, 137, 358, 499]
27 : [565, 561, 131, 129, 559, 554, 137, 546]
28 : [630, 33085, 129, 131, 324, 325, 603, 124]
29 : [519, 392, 391, 389, 131451, 167, 635, 174]
30 : [98, 83, 331, 561, 98803, 32844, 335, 681]
31 : [565, 626, 33124, 374, 83, 131451, 391, 393]
32 : [98908, 33085, 528, 66066, 343, 546, 137, 336]
33 : [630, 498, 358, 614, 617, 620, 33124, 496]
34 : [565, 681, 630, 131714, 126, 98369, 33124, 124]
35 : [630, 519, 209, 98803, 87, 502, 220, 499]
36 : [565, 324, 98, 409, 460, 87, 692, 569]
37 : [484, 614, 615, 209, 98908, 603, 244, 251]
38 : [565, 374, 283, 484, 460, 33158, 99005, 32844]
39 : [439, 617, 274, 87, 528, 620, 336, 526]
40 : [258, 694, 243, 119, 692, 419, 690, 114]
41 : [414, 174, 343, 484, 615, 614, 617, 473]
42 : [620, 484, 615, 614, 98, 617, 626, 473]
43 : [626, 460, 137, 129, 131, 473, 124, 126]
44 : [620, 358, 87, 33124, 374, 131451, 391, 83]
45 : [336, 438, 437, 98, 694, 692, 201, 690]
46 : [439, 137, 131714, 502, 98803, 630, 626, 620]
47 : [565, 374, 620, 33085, 87, 324, 325, 331]
48 : [565, 615, 228, 651, 131714, 244, 251, 263]
49 : [620, 393, 33158, 687, 690, 408, 409, 137]
50 : [554, 87, 131714, 33085, 324, 325, 331, 83]
51 : [498, 129, 137, 473, 460, 453, 439, 438]
52 : [129, 131, 331, 137, 325, 324, 704, 419]
53 : [124, 374, 98, 191, 87, 546, 33124, 358]
54 : [651, 305, 710, 66198, 98, 33085, 324, 325]
55 : [681, 438, 437, 418, 98369, 414, 409, 64]
56 : [335, 126, 251, 119, 114, 418, 603, 98908]
57 : [565, 573, 561, 656, 98, 554, 228, 473]
58 : [129, 460, 473, 484, 486, 496, 498, 499]
59 : [614, 98803, 129, 131, 244, 124, 126, 519]
60 : [244, 569, 119, 114, 335, 336, 563, 564]
61 : [614, 473, 484, 486, 137, 496, 129, 131]
62 : [324, 569, 573, 251, 124, 126, 577, 409]
63 : [565, 561, 656, 721, 437, 87, 209, 414]
64 : [626, 103, 102, 343, 346, 98, 358, 33124]
65 : [98803, 436, 554, 473, 33085, 93, 87, 274]
66 : [565, 502, 626, 393, 33158, 408, 409, 98]
67 : [565, 502, 573, 564, 32844, 244, 251, 561]
68 : [614, 335, 336, 343, 358, 33124, 374, 131451]
69 : [696, 698, 305, 33085, 692, 324, 325, 331]
70 : [87, 696, 409, 414, 83, 698, 418, 99005]
71 : [98908, 305, 98615, 33085, 324, 87, 325, 331]
72 : [565, 131, 626, 496, 696, 418, 414, 710]
73 : [393, 33124, 129, 131, 573, 124, 126, 569]
74 : [499, 131, 129, 414, 137, 409, 408, 418]
75 : [565, 614, 325, 331, 335, 336, 343, 358]
76 : [391, 710, 33124, 358, 346, 343, 114, 374]
77 : [66198, 335, 418, 331, 126, 98369, 124, 626]
78 : [603, 98908, 83, 305, 33085, 32844, 324, 325]
79 : [569, 710, 32844, 283, 291, 305, 33085, 656]
80 : [615, 546, 83, 460, 131451, 325, 32844, 324]
81 : [174, 546, 439, 667, 438, 437, 66198, 554]
82 : [565, 228, 124, 126, 439, 119, 114, 305]
83 : [565, 614, 131451, 391, 393, 33158, 87, 408]
84 : [630, 358, 33124, 374, 83, 131451, 391, 393]
85 : [565, 528, 393, 174, 33158, 698, 408, 99005]
86 : [565, 33158, 473, 615, 244, 98, 614, 617]
87 : [615, 291, 98, 710, 305, 87, 554, 617]
88 : [565, 33085, 33124, 98908, 83, 496, 603, 498]
89 : [331, 305, 33085, 324, 325, 710, 335, 336]
90 : [565, 626, 486, 496, 498, 499, 502, 98803]
91 : [565, 696, 460, 473, 484, 486, 137, 129]
92 : [498, 698, 305, 98, 98908, 603, 33085, 87]
93 : [565, 325, 358, 528, 696, 32844, 698, 418]
94 : [565, 291, 408, 656, 83, 528, 33158, 393]
95 : [502, 565, 228, 114, 414, 418, 437, 438]
96 : [565, 519, 137, 486, 484, 98369, 603, 473]
97 : [502, 331, 393, 114, 33158, 408, 725, 409]
98 : [324, 418, 119, 114, 414, 409, 244, 408]
99 : [131714, 418, 66198, 181, 174, 569, 563, 437]
100 : [528, 554, 561, 564, 174, 358, 181, 438]
101 : [626, 119, 114, 393, 33158, 336, 244, 98]
102 : [502, 87, 519, 33124, 358, 526, 83, 528]
103 : [565, 626, 119, 114, 358, 33124, 681, 573]
104 : [274, 484, 174, 181, 559, 690, 191, 687]
105 : [502, 703, 274, 131451, 129, 131, 496, 124]
106 : [615, 681, 687, 569, 274, 688, 690, 83]
107 : [439, 620, 131714, 617, 614, 83, 374, 33124]
108 : [66198, 692, 690, 687, 681, 228, 98803, 499]
109 : [565, 131, 126, 124, 33158, 393, 129, 391]
110 : [565, 496, 498, 499, 98803, 526, 528, 66066]
111 : [565, 502, 251, 473, 573, 66066, 83, 569]
112 : [626, 137, 438, 439, 129, 131, 460, 124]
113 : [408, 33085, 98604, 427, 437, 438, 83, 305]
114 : [409, 614, 617, 486, 484, 87, 620, 473]
115 : [626, 499, 98803, 519, 181, 174, 346, 528]
116 : [626, 119, 393, 114, 33158, 408, 409, 414]
117 : [335, 130, 569, 131, 129, 563, 137, 573]
118 : [251, 630, 98369, 244, 626, 64, 617, 614]
119 : [502, 498, 496, 687, 569, 681, 174, 499]
120 : [565, 696, 99005, 291, 698, 305, 33085, 324]
121 : [343, 391, 131451, 496, 498, 32844, 499, 656]
122 : [283, 564, 656, 374, 32844, 336, 692, 335]
123 : [460, 536, 331, 114, 325, 324, 119, 335]
124 : [331, 614, 617, 391, 83, 291, 393, 99005]
125 : [528, 174, 374, 131451, 391, 393, 66198, 66066]
126 : [565, 486, 32844, 526, 418, 696, 129, 561]
127 : [325, 119, 33158, 114, 99030, 393, 244, 554]
128 : [565, 502, 274, 358, 33124, 617, 119, 614]
129 : [174, 563, 564, 561, 559, 554, 546, 66066]
130 : [565, 391, 703, 174, 499, 343, 98369, 98908]
131 : [565, 437, 124, 126, 439, 331, 630, 119]
132 : [66198, 692, 690, 687, 33158, 174, 181, 681]
133 : [626, 499, 98803, 191, 519, 181, 174, 526]
134 : [331, 325, 98, 335, 336, 66066, 343, 87]
135 : [626, 710, 336, 408, 409, 630, 83, 335]
136 : [437, 131, 324, 325, 124, 126, 131714, 651]
137 : [528, 114, 99005, 331, 615, 335, 336, 343]
138 : [502, 565, 498, 263, 124, 126, 131451, 391]
139 : [335, 126, 528, 66066, 119, 114, 546, 228]
140 : [565, 502, 703, 131451, 473, 564, 603, 98]
141 : [502, 374, 131451, 391, 98, 393, 33158, 401]
142 : [526, 439, 438, 87, 437, 191, 418, 83]
143 : [565, 181, 681, 131451, 137, 626, 129, 131]
144 : [565, 692, 283, 439, 99005, 32844, 438, 98615]
145 : [87, 291, 119, 546, 114, 305, 66066, 98]
146 : [565, 617, 460, 129, 131, 473, 124, 126]
147 : [124, 129, 131, 498, 499, 263, 126, 98803]
148 : [33124, 710, 374, 87, 174, 656, 569, 66066]
149 : [696, 374, 131451, 391, 98, 393, 33158, 408]
150 : [565, 98369, 437, 126, 64, 626, 681, 710]
151 : [374, 526, 98369, 528, 473, 64, 65802, 615]
152 : [565, 32844, 528, 331, 681, 499, 498, 687]
153 : [438, 630, 698, 83, 437, 414, 626, 228]
154 : [615, 119, 703, 114, 98604, 681, 33085, 324]
155 : [565, 374, 563, 391, 98, 564, 393, 561]
156 : [630, 32844, 564, 563, 427, 418, 569, 414]
157 : [626, 33124, 374, 119, 66198, 114, 131451, 391]
158 : [263, 559, 688, 690, 305, 301, 114, 59]
159 : [565, 99005, 626, 687, 83, 499, 617, 692]
160 : [65802, 681, 174, 181, 66198, 486, 209, 484]
161 : [563, 174, 358, 32844, 473, 484, 573, 569]
162 : [614, 486, 484, 473, 603, 83, 98908, 460]
163 : [617, 374, 33124, 358, 66066, 83, 343, 546]
164 : [502, 626, 692, 32844, 305, 687, 681, 33085]
165 : [614, 66198, 98369, 615, 131, 64, 486, 331]
166 : [626, 460, 473, 484, 486, 137, 129, 131]
167 : [98908, 275, 274, 114, 119, 408, 409, 401]
168 : [502, 251, 124, 126, 696, 98908, 119, 603]
169 : [126, 181, 87, 569, 573, 577, 414, 409]
170 : [393, 220, 228, 536, 66066, 528, 526, 651]
171 : [283, 114, 33085, 98908, 66198, 561, 33158, 499]
172 : [614, 460, 473, 484, 486, 137, 129, 131]
173 : [528, 563, 568, 569, 573, 577, 409, 98]
174 : [414, 561, 66066, 696, 564, 528, 563, 98]
175 : [565, 251, 291, 554, 87, 692, 305, 626]
176 : [565, 614, 324, 325, 331, 335, 336, 343]
177 : [33085, 65802, 263, 131714, 32844, 563, 564, 418]
178 : [565, 626, 687, 263, 65802, 274, 283, 681]
179 : [544, 354, 437, 174, 438, 439, 615, 614]
180 : [630, 263, 65802, 274, 283, 546, 291, 98]
181 : [630, 564, 137, 561, 554, 546, 66066, 129]
182 : [564, 484, 486, 496, 498, 499, 137, 98803]
183 : [414, 126, 563, 124, 263, 569, 573, 98369]
184 : [305, 291, 99005, 698, 614, 696, 33085, 324]
185 : [473, 614, 615, 228, 98369, 98908, 603, 64]
186 : [617, 438, 437, 620, 698, 626, 419, 418]
187 : [565, 98908, 335, 336, 343, 358, 33124, 374]
188 : [565, 528, 228, 131451, 391, 393, 687, 98]
189 : [617, 336, 343, 228, 358, 98, 181, 696]
190 : [414, 217, 573, 220, 227, 98, 228, 703]
191 : [565, 603, 681, 98908, 305, 83, 33085, 324]
192 : [564, 409, 83, 614, 703, 414, 630, 32844]
193 : [626, 98908, 703, 460, 698, 615, 439, 137]
194 : [98908, 630, 496, 228, 486, 484, 98, 131714]
195 : [502, 603, 573, 687, 32844, 692, 569, 563]
196 : [630, 603, 187, 209, 582, 438, 573, 220]
197 : [98908, 228, 244, 251, 696, 32844, 698, 573]
198 : [565, 131451, 274, 98, 181, 577, 331, 294]
199 : [565, 65802, 87, 98908, 274, 181, 263, 603]
200 : [565, 698, 291, 99005, 305, 33085, 696, 324]
201 : [546, 32844, 692, 66066, 656, 343, 336, 651]
202 : [630, 460, 439, 174, 438, 32844, 437, 603]
203 : [565, 630, 656, 137, 651, 391, 131451, 496]
204 : [565, 630, 131, 129, 137, 546, 66066, 528]
205 : [626, 251, 263, 65802, 274, 283, 291, 656]
206 : [498, 32844, 499, 243, 418, 119, 291, 703]
207 : [26, 633, 279, 632, 662, 72, 250, 423]
208 : [630, 460, 87, 209, 439, 438, 603, 83]
209 : [498, 418, 437, 438, 439, 460, 473, 137]
210 : [626, 191, 98908, 603, 209, 438, 228, 577]
211 : [131, 119, 66066, 358, 473, 33085, 32844, 528]
212 : [519, 129, 137, 554, 98369, 437, 33124, 64]
213 : [228, 87, 98803, 336, 335, 519, 331, 325]
214 : [131451, 33085, 409, 324, 325, 681, 408, 137]
215 : [626, 291, 577, 408, 409, 414, 98369, 66198]
216 : [565, 335, 325, 331, 698, 32844, 656, 336]
217 : [565, 174, 83, 409, 408, 33158, 393, 554]
218 : [565, 64, 710, 526, 83, 408, 33158, 528]
219 : [460, 603, 283, 528, 126, 32844, 66066, 696]
220 : [98908, 325, 331, 335, 336, 343, 358, 33124]
221 : [473, 438, 615, 437, 692, 83, 228, 488]
222 : [283, 65802, 274, 563, 285, 98, 291, 294]
223 : [617, 358, 33124, 374, 87, 131451, 391, 393]
224 : [519, 437, 65802, 274, 603, 98908, 528, 98]
225 : [615, 460, 473, 137, 484, 129, 131, 486]
226 : [66066, 119, 620, 698, 114, 617, 33085, 614]
227 : [721, 181, 98803, 186, 187, 191, 499, 498]
228 : [565, 630, 473, 484, 486, 137, 496, 498]
229 : [374, 617, 620, 119, 626, 554, 114, 630]
230 : [283, 569, 32844, 573, 251, 358, 137, 33085]
231 : [98933, 393, 119, 33158, 114, 408, 409, 414]
232 : [573, 563, 564, 561, 554, 546, 98369, 66066]
233 : [617, 291, 692, 294, 98908, 603, 83, 305]
234 : [620, 209, 630, 228, 626, 244, 251, 617]
235 : [131, 131451, 703, 32844, 66198, 473, 374, 209]
236 : [696, 131451, 391, 98, 393, 33158, 408, 87]
237 : [565, 617, 358, 33124, 83, 374, 131451, 32844]
238 : [65, 209, 66066, 528, 526, 656, 83, 228]
239 : [519, 473, 460, 563, 569, 98369, 573, 274]
240 : [414, 83, 496, 181, 615, 32844, 614, 486]
241 : [99005, 681, 131451, 119, 391, 114, 393, 33158]
242 : [502, 98908, 83, 656, 437, 263, 32844, 460]
243 : [656, 710, 174, 181, 528, 526, 519, 546]
244 : [546, 569, 563, 564, 561, 559, 554, 573]
245 : [439, 33124, 358, 32844, 651, 615, 546, 343]
246 : [626, 124, 66066, 528, 131, 129, 526, 126]
247 : [681, 251, 573, 274, 244, 98803, 83, 726]
248 : [656, 131451, 519, 681, 228, 687, 546, 98]
249 : [696, 33085, 324, 325, 87, 331, 335, 66198]
250 : [502, 565, 409, 564, 83, 563, 408, 569]
251 : [546, 626, 696, 698, 620, 87, 617, 614]
252 : [565, 439, 119, 460, 114, 473, 484, 486]
253 : [565, 65802, 274, 283, 291, 692, 614, 687]
254 : [564, 615, 98908, 174, 603, 573, 569, 614]
255 : [565, 324, 305, 119, 656, 114, 66066, 528]
256 : [614, 343, 87, 346, 358, 33124, 374, 131451]
257 : [129, 460, 473, 484, 486, 496, 498, 499]
258 : [335, 603, 98908, 374, 98, 499, 498, 615]
259 : [418, 614, 615, 343, 98908, 439, 603, 98369]
260 : [630, 690, 114, 692, 33085, 324, 325, 331]
261 : [565, 614, 331, 335, 336, 343, 358, 33124]
262 : [33085, 439, 98, 438, 615, 614, 437, 87]
263 : [698, 718, 374, 131451, 87, 391, 393, 33158]
264 : [124, 498, 569, 573, 83, 137, 496, 33124]
265 : [565, 564, 274, 561, 283, 291, 656, 98369]
266 : [656, 564, 228, 692, 33085, 499, 98, 561]
267 : [98933, 244, 615, 486, 614, 617, 620, 251]
268 : [437, 564, 563, 409, 439, 569, 573, 263]
269 : [473, 438, 131, 129, 437, 427, 137, 419]
270 : [331, 690, 630, 374, 564, 119, 603, 692]
271 : [565, 374, 32844, 564, 561, 559, 554, 546]
272 : [484, 554, 131, 129, 137, 546, 305, 559]
273 : [630, 343, 358, 33124, 374, 83, 131451, 391]
274 : [626, 137, 573, 331, 696, 32844, 698, 33158]
275 : [565, 614, 325, 331, 335, 336, 343, 358]
276 : [437, 98963, 473, 83, 174, 336, 335, 131451]
277 : [565, 174, 563, 568, 569, 573, 33158, 577]
278 : [565, 331, 114, 577, 335, 336, 573, 343]
279 : [283, 251, 703, 263, 65802, 274, 99005, 291]
280 : [66198, 414, 418, 692, 437, 137, 438, 439]
281 : [565, 331, 98369, 554, 439, 64, 438, 437]
282 : [502, 615, 554, 291, 66198, 98, 546, 305]
283 : [129, 131714, 651, 374, 66066, 656, 528, 137]
284 : [66198, 438, 546, 437, 427, 83, 418, 698]
285 : [565, 502, 573, 526, 98803, 98369, 499, 64]
286 : [565, 87, 131714, 650, 651, 83, 519, 573]
287 : [696, 305, 721, 33085, 324, 325, 331, 335]
288 : [565, 502, 358, 564, 561, 414, 559, 83]
289 : [335, 32892, 554, 126, 124, 401, 130, 131]
290 : [565, 181, 98908, 187, 603, 569, 563, 174]
291 : [244, 251, 615, 83, 263, 65802, 274, 99005]
292 : [565, 283, 126, 692, 124, 546, 98369, 418]
293 : [656, 486, 181, 484, 99005, 614, 698, 98369]
294 : [564, 696, 33085, 324, 325, 98, 331, 335]
295 : [565, 603, 174, 181, 98908, 573, 563, 615]
296 : [690, 519, 460, 98, 65802, 626, 243, 33124]
297 : [486, 98369, 66198, 99005, 64, 131, 129, 33124]
298 : [414, 99005, 33085, 324, 325, 137, 129, 131]
299 : [626, 343, 119, 98908, 696, 114, 603, 358]
300 : [565, 528, 209, 228, 66066, 244, 251, 526]
301 : [617, 131168, 554, 98, 408, 131714, 228, 401]
302 : [565, 703, 126, 528, 124, 305, 692, 651]
303 : [565, 651, 98369, 393, 554, 64, 66066, 528]
304 : [617, 191, 98908, 603, 569, 228, 563, 181]
305 : [131714, 98369, 336, 126, 64, 710, 124, 687]
306 : [603, 626, 32844, 484, 519, 174, 181, 473]
307 : [565, 528, 66066, 283, 33124, 358, 546, 137]
308 : [33085, 119, 681, 114, 573, 687, 251, 33124]
309 : [502, 565, 181, 325, 33158, 473, 554, 561]
310 : [630, 559, 554, 546, 167, 336, 66066, 528]
311 : [528, 98803, 181, 519, 174, 325, 526, 66066]
312 : [502, 573, 181, 98908, 603, 569, 563, 561]
313 : [98908, 325, 331, 335, 336, 343, 358, 33124]
314 : [565, 630, 87, 358, 33124, 374, 131451, 391]
315 : [157, 324, 336, 343, 703, 98, 358, 33124]
316 : [526, 484, 486, 496, 498, 499, 98803, 137]
317 : [617, 460, 473, 137, 484, 486, 129, 131]
318 : [617, 563, 564, 137, 561, 131451, 129, 131]
319 : [565, 331, 358, 33124, 98, 374, 131451, 391]
320 : [630, 473, 98, 274, 209, 484, 486, 87]
321 : [174, 181, 32844, 528, 526, 519, 98803, 131714]
322 : [74, 98803, 414, 33124, 694, 209, 98, 692]
323 : [565, 519, 473, 484, 486, 137, 129, 131]
324 : [565, 331, 137, 129, 131, 437, 438, 439]
325 : [630, 129, 66066, 137, 528, 526, 519, 98803]
326 : [630, 473, 484, 486, 496, 498, 499, 502]
327 : [626, 335, 336, 343, 358, 33124, 681, 374]
328 : [502, 614, 331, 335, 336, 343, 358, 33124]
329 : [626, 698, 305, 33085, 324, 83, 325, 331]
330 : [66066, 98369, 656, 137, 64, 291, 564, 274]
331 : [630, 569, 568, 563, 564, 561, 559, 554]
332 : [528, 681, 336, 630, 87, 401, 687, 688]
333 : [502, 33124, 374, 83, 131451, 391, 393, 32844]
334 : [565, 630, 331, 335, 336, 343, 358, 33124]
335 : [565, 338, 227, 354, 453, 220, 582, 114]
336 : [484, 438, 437, 418, 414, 603, 98908, 83]
337 : [630, 603, 98908, 119, 114, 615, 263, 476]
338 : [656, 358, 33124, 710, 484, 137, 486, 129]
339 : [626, 460, 473, 484, 486, 496, 498, 499]
340 : [124, 460, 473, 484, 486, 496, 498, 499]
341 : [331, 559, 554, 546, 66066, 528, 526, 335]
342 : [502, 615, 181, 498, 499, 174, 98803, 519]
343 : [565, 291, 681, 131714, 33124, 358, 83, 563]
344 : [565, 437, 374, 83, 131451, 391, 393, 32844]
345 : [565, 324, 66066, 528, 325, 526, 519, 174]
346 : [496, 131, 437, 438, 439, 124, 126, 460]
347 : [565, 630, 687, 220, 228, 681, 66066, 528]
348 : [324, 98369, 563, 725, 64, 460, 564, 561]
349 : [460, 681, 98803, 191, 687, 87, 651, 721]
350 : [502, 374, 630, 696, 244, 251, 698, 83]
351 : [565, 630, 33124, 124, 126, 656, 374, 119]
352 : [565, 626, 114, 473, 244, 569, 696, 187]
353 : [681, 651, 696, 358, 33124, 698, 526, 615]
354 : [565, 603, 87, 358, 343, 336, 174, 335]
355 : [565, 603, 408, 409, 703, 414, 418, 651]
356 : [630, 174, 59, 98908, 305, 98604, 98, 546]
357 : [615, 124, 126, 414, 418, 119, 437, 114]
358 : [408, 228, 119, 181, 614, 617, 98369, 626]
359 : [263, 630, 251, 519, 191, 83, 460, 564]
360 : [565, 409, 414, 418, 66198, 437, 438, 439]
361 : [565, 391, 331, 335, 336, 343, 98369, 346]
362 : [565, 209, 131, 98803, 129, 519, 374, 137]
363 : [283, 439, 460, 696, 473, 484, 486, 137]
364 : [630, 408, 409, 124, 126, 414, 418, 119]
365 : [630, 460, 473, 87, 484, 486, 496, 83]
366 : [630, 561, 559, 554, 546, 66066, 174, 528]
367 : [696, 174, 460, 473, 725, 484, 486, 496]
368 : [565, 83, 374, 519, 33124, 358, 32844, 343]
369 : [603, 473, 484, 486, 496, 498, 499, 98803]
370 : [565, 696, 554, 418, 87, 561, 564, 414]
371 : [565, 137, 336, 651, 437, 335, 87, 131714]
372 : [630, 220, 603, 228, 600, 66130, 244, 251]
373 : [565, 614, 244, 687, 251, 692, 98369, 573]
374 : [564, 374, 559, 554, 305, 548, 546, 544]
375 : [565, 174, 98615, 681, 32844, 710, 651, 696]
376 : [565, 626, 283, 603, 98908, 98, 496, 615]
377 : [630, 343, 512, 336, 174, 98, 519, 335]
378 : [564, 358, 703, 124, 126, 33124, 119, 114]
379 : [565, 437, 83, 546, 710, 418, 32844, 414]
380 : [484, 526, 274, 33158, 656, 692, 499, 283]
381 : [565, 33085, 209, 66066, 603, 324, 83, 325]
382 : [496, 83, 343, 656, 336, 692, 32844, 335]
383 : [692, 324, 126, 33085, 33158, 98369, 484, 358]
384 : [291, 343, 66198, 358, 33124, 98, 374, 718]
385 : [565, 528, 131, 129, 137, 569, 692, 124]
386 : [617, 129, 131, 336, 656, 124, 126, 546]
387 : [614, 603, 573, 569, 563, 174, 564, 98908]
388 : [563, 651, 83, 687, 174, 473, 336, 32844]
389 : [603, 129, 131, 437, 283, 124, 126, 291]
390 : [565, 64, 528, 614, 617, 439, 83, 66066]
391 : [656, 409, 414, 119, 418, 114, 263, 437]
392 : [631, 129, 137, 489, 486, 484, 473, 469]
393 : [283, 681, 414, 114, 687, 418, 692, 694]
394 : [565, 651, 358, 33124, 692, 209, 174, 83]
395 : [630, 131451, 391, 393, 33158, 408, 409, 98]
396 : [565, 554, 528, 526, 98803, 499, 630, 498]
397 : [561, 129, 617, 489, 137, 343, 496, 614]
398 : [114, 563, 564, 126, 124, 561, 559, 119]
399 : [565, 484, 124, 126, 119, 114, 725, 554]
400 : [565, 331, 698, 119, 33085, 114, 696, 324]
401 : [137, 692, 209, 437, 438, 569, 439, 33124]
402 : [620, 87, 409, 414, 418, 437, 438, 439]
403 : [283, 291, 83, 526, 99005, 614, 615, 32844]
404 : [565, 603, 698, 33085, 98908, 283, 305, 656]
405 : [439, 131, 32844, 129, 98803, 438, 603, 251]
406 : [630, 358, 98, 33124, 374, 131451, 87, 391]
407 : [98908, 331, 335, 336, 343, 358, 33124, 374]
408 : [98908, 331, 335, 336, 343, 358, 33124, 374]
409 : [565, 98908, 325, 335, 336, 343, 358, 33124]
410 : [615, 305, 725, 66198, 718, 33085, 98, 324]
411 : [630, 439, 460, 473, 484, 486, 496, 137]
412 : [502, 391, 409, 408, 87, 244, 519, 174]
413 : [626, 114, 408, 409, 414, 418, 427, 437]
414 : [66066, 129, 564, 561, 137, 559, 554, 131]
415 : [496, 33158, 87, 393, 546, 391, 131451, 83]
416 : [374, 409, 129, 331, 32844, 414, 418, 137]
417 : [626, 66198, 263, 65802, 274, 563, 291, 305]
418 : [65802, 414, 528, 83, 409, 408, 33158, 66066]
419 : [630, 528, 486, 33158, 87, 484, 66066, 181]
420 : [617, 484, 137, 486, 129, 131, 496, 124]
421 : [565, 98908, 703, 99005, 603, 325, 698, 439]
422 : [565, 617, 409, 119, 414, 114, 418, 437]
423 : [126, 526, 335, 305, 87, 336, 486, 614]
424 : [131451, 620, 66198, 263, 617, 87, 65802, 174]
425 : [565, 626, 336, 343, 656, 358, 33124, 710]
426 : [565, 620, 409, 119, 414, 114, 418, 437]
427 : [630, 335, 331, 119, 554, 559, 667, 126]
428 : [408, 98803, 98369, 561, 64, 564, 126, 124]
429 : [565, 577, 66066, 98933, 630, 343, 137, 129]
430 : [565, 726, 564, 324, 439, 174, 83, 563]
431 : [486, 98369, 554, 484, 64, 137, 473, 561]
432 : [626, 209, 439, 438, 437, 418, 228, 630]
433 : [565, 502, 66198, 498, 291, 119, 703, 496]
434 : [651, 126, 692, 335, 336, 124, 343, 564]
435 : [98933, 324, 33085, 305, 473, 83, 291, 283]
436 : [630, 391, 393, 119, 33158, 114, 408, 409]
437 : [614, 33085, 324, 325, 331, 335, 336, 343]
438 : [630, 391, 119, 393, 114, 33158, 408, 409]
439 : [565, 615, 391, 393, 33158, 408, 409, 414]
440 : [473, 626, 620, 617, 614, 228, 615, 98369]
441 : [565, 614, 460, 473, 484, 486, 496, 137]
442 : [565, 502, 603, 66198, 358, 114, 33124, 374]
443 : [614, 438, 437, 137, 129, 131, 603, 98908]
444 : [437, 126, 124, 324, 130, 626, 131, 129]
445 : [565, 98933, 119, 98803, 499, 498, 126, 124]
446 : [285, 66198, 274, 278, 283, 571, 664, 291]
447 : [33085, 554, 283, 561, 564, 137, 129, 131]
448 : [565, 630, 358, 33124, 374, 83, 131451, 391]
449 : [565, 174, 181, 187, 573, 569, 563, 391]
450 : [499, 33124, 563, 564, 561, 374, 137, 66198]
451 : [546, 217, 98, 324, 325, 209, 331, 93]
452 : [614, 573, 291, 283, 274, 603, 65802, 98908]
453 : [617, 129, 137, 703, 99005, 460, 698, 131]
454 : [565, 546, 32844, 614, 486, 484, 499, 615]
455 : [438, 391, 98, 393, 33158, 408, 409, 87]
456 : [630, 87, 33124, 374, 131451, 391, 83, 393]
457 : [502, 528, 499, 181, 98803, 174, 519, 526]
458 : [565, 391, 681, 486, 484, 174, 83, 473]
459 : [460, 83, 346, 358, 33124, 374, 32844, 131451]
460 : [437, 244, 66066, 563, 418, 32844, 251, 696]
461 : [502, 546, 615, 251, 614, 131451, 408, 617]
462 : [438, 336, 335, 331, 496, 131, 498, 98369]
463 : [283, 496, 228, 98908, 83, 244, 251, 486]
464 : [33158, 617, 614, 615, 98908, 603, 414, 409]
465 : [565, 65802, 187, 66198, 486, 484, 656, 220]
466 : [502, 263, 499, 181, 87, 33124, 98803, 358]
467 : [565, 564, 174, 181, 573, 191, 569, 563]
468 : [554, 630, 244, 498, 251, 626, 617, 228]
469 : [389, 33085, 87, 358, 564, 174, 561, 473]
470 : [65802, 617, 98, 614, 615, 33085, 324, 87]
471 : [565, 614, 331, 335, 336, 343, 358, 33124]
472 : [502, 181, 124, 484, 305, 98369, 656, 64]
473 : [331, 573, 137, 129, 131, 33158, 124, 126]
474 : [565, 630, 473, 484, 137, 486, 129, 131]
475 : [502, 331, 305, 33085, 324, 325, 692, 335]
476 : [565, 324, 126, 651, 119, 656, 114, 305]
477 : [688, 486, 209, 484, 220, 87, 473, 228]
478 : [124, 409, 98, 408, 274, 554, 87, 559]
479 : [565, 460, 331, 83, 573, 569, 32844, 563]
480 : [305, 99005, 291, 698, 614, 696, 33085, 324]
481 : [614, 114, 33158, 408, 409, 414, 418, 437]
482 : [409, 626, 131, 129, 620, 137, 614, 473]
483 : [620, 98803, 499, 174, 498, 33124, 181, 519]
484 : [98908, 409, 408, 561, 83, 401, 564, 33158]
485 : [414, 336, 335, 630, 460, 66198, 87, 626]
486 : [565, 251, 244, 569, 626, 98369, 563, 703]
487 : [565, 437, 526, 126, 64, 124, 528, 546]
488 : [129, 460, 473, 484, 486, 496, 498, 499]
489 : [565, 630, 559, 554, 546, 66066, 528, 526]
490 : [294, 630, 427, 498, 499, 83, 418, 703]
491 : [98, 33124, 119, 33158, 114, 66198, 358, 65802]
492 : [484, 651, 285, 499, 93, 228, 87, 498]
493 : [565, 99005, 32844, 274, 283, 285, 291, 630]
494 : [126, 437, 438, 439, 98, 620, 626, 87]
495 : [209, 124, 126, 131714, 119, 651, 114, 656]
496 : [565, 561, 244, 251, 263, 65802, 274, 651]
497 : [536, 83, 460, 181, 191, 32844, 439, 603]
498 : [603, 325, 331, 335, 336, 343, 98, 66066]
499 : [630, 418, 554, 32844, 209, 217, 546, 228]
500 : [374, 690, 692, 274, 98, 65802, 573, 696]
501 : [502, 565, 626, 174, 181, 577, 573, 569]
502 : [630, 439, 681, 32844, 438, 228, 496, 437]
503 : [565, 114, 546, 119, 374, 126, 131, 681]
504 : [66066, 526, 519, 721, 201, 725, 510, 209]
505 : [614, 87, 414, 569, 66198, 409, 83, 408]
506 : [626, 99005, 473, 698, 460, 615, 614, 137]
507 : [131714, 124, 126, 554, 331, 119, 696, 114]
508 : [565, 563, 98908, 603, 174, 181, 573, 569]
509 : [546, 498, 499, 174, 98803, 519, 526, 528]
510 : [66066, 486, 174, 484, 181, 66198, 473, 681]
511 : [98369, 174, 408, 181, 33158, 87, 554, 393]
512 : [181, 325, 324, 656, 87, 626, 620, 33085]
513 : [565, 496, 498, 331, 325, 499, 324, 83]
514 : [502, 726, 66198, 546, 174, 305, 32844, 66066]
515 : [630, 603, 174, 181, 187, 191, 577, 573]
516 : [565, 181, 98908, 33158, 603, 573, 569, 681]
517 : [174, 137, 263, 65802, 33124, 66198, 32844, 274]
518 : [305, 283, 569, 98, 687, 291, 563, 561]
519 : [565, 561, 687, 119, 391, 114, 692, 651]
520 : [565, 615, 131451, 391, 98, 393, 33158, 408]
521 : [565, 502, 626, 696, 65802, 274, 698, 83]
522 : [66066, 617, 614, 615, 496, 174, 498, 181]
523 : [305, 126, 251, 331, 519, 119, 414, 114]
524 : [87, 460, 603, 114, 98908, 615, 614, 617]
525 : [565, 418, 336, 473, 335, 124, 692, 98369]
526 : [414, 617, 614, 119, 615, 98803, 301, 126]
527 : [131451, 129, 131, 374, 124, 126, 681, 573]
528 : [565, 325, 484, 393, 703, 32844, 460, 408]
529 : [335, 87, 486, 484, 174, 603, 98908, 83]
530 : [615, 33124, 87, 374, 131451, 391, 393, 83]
531 : [331, 98369, 137, 473, 64, 563, 460, 439]
532 : [325, 87, 564, 414, 698, 33085, 630, 83]
533 : [502, 418, 374, 209, 32844, 137, 33124, 437]
534 : [561, 129, 131, 33124, 124, 126, 554, 546]
535 : [374, 656, 473, 87, 573, 174, 569, 83]
536 : [526, 561, 263, 65802, 274, 98, 692, 283]
537 : [502, 564, 703, 131714, 83, 305, 33085, 324]
538 : [614, 33085, 324, 325, 331, 335, 336, 343]
539 : [124, 374, 137, 564, 662, 519, 702, 33124]
540 : [191, 439, 126, 124, 291, 285, 131, 129]
541 : [698, 626, 87, 283, 358, 620, 33124, 66066]
542 : [65802, 698, 614, 285, 87, 437, 484, 99005]
543 : [437, 114, 725, 526, 291, 617, 626, 98]
544 : [565, 617, 519, 228, 526, 528, 66066, 546]
545 : [615, 98, 698, 66198, 374, 87, 33124, 209]
546 : [228, 346, 528, 131714, 526, 358, 33124, 651]
547 : [502, 418, 617, 343, 626, 630, 526, 484]
548 : [565, 244, 546, 374, 656, 66066, 131451, 137]
549 : [565, 630, 656, 526, 131, 129, 651, 528]
550 : [565, 473, 305, 564, 561, 98, 33085, 324]
551 : [603, 496, 498, 499, 98803, 137, 131, 526]
552 : [565, 33158, 561, 228, 460, 564, 83, 244]
553 : [343, 98, 460, 131451, 687, 546, 87, 620]
554 : [325, 124, 126, 528, 66066, 119, 546, 114]
555 : [630, 414, 418, 131714, 651, 656, 546, 181]
556 : [228, 98, 408, 696, 131714, 305, 87, 546]
557 : [528, 563, 129, 131, 569, 393, 573, 124]
558 : [565, 526, 460, 418, 33085, 98908, 126, 519]
559 : [565, 656, 131451, 692, 630, 554, 374, 87]
560 : [565, 617, 325, 98803, 331, 251, 98, 335]
561 : [565, 603, 324, 87, 325, 718, 331, 335]
562 : [519, 626, 131714, 66066, 98369, 33158, 119, 64]
563 : [626, 181, 554, 191, 546, 66066, 528, 526]
564 : [358, 131451, 274, 460, 124, 651, 129, 656]
565 : [561, 325, 554, 83, 137, 33158, 473, 324]
566 : [565, 698, 33158, 614, 393, 696, 391, 131451]
567 : [565, 615, 577, 228, 439, 438, 437, 603]
568 : [374, 615, 87, 33158, 554, 99005, 263, 305]
569 : [565, 626, 174, 66066, 546, 554, 564, 137]
570 : [305, 291, 696, 617, 692, 33085, 98369, 324]
571 : [565, 244, 263, 83, 65802, 274, 696, 32844]
572 : [502, 565, 626, 114, 692, 603, 305, 33085]
573 : [563, 603, 174, 181, 187, 577, 573, 569]
574 : [502, 484, 65802, 710, 83, 274, 617, 499]
575 : [66198, 617, 137, 83, 614, 32844, 484, 486]
576 : [630, 569, 473, 573, 460, 577, 98369, 439]
577 : [502, 565, 174, 181, 33158, 393, 98369, 615]
578 : [565, 526, 484, 473, 460, 32844, 174, 181]
579 : [424, 219, 665, 66203, 443, 80, 98491, 82]
580 : [569, 603, 174, 181, 573, 408, 563, 98908]
581 : [506, 443, 659, 8, 355, 279, 537, 99]
582 : [393, 439, 137, 561, 98369, 564, 563, 64]
583 : [565, 438, 630, 498, 499, 98933, 528, 620]
584 : [696, 414, 174, 418, 437, 438, 439, 460]
585 : [409, 692, 438, 561, 98, 564, 228, 439]
586 : [460, 438, 437, 99005, 418, 414, 519, 98369]
587 : [439, 119, 274, 66198, 114, 283, 291, 98]
588 : [565, 98908, 65802, 98, 274, 283, 291, 87]
589 : [573, 546, 554, 559, 561, 564, 563, 98615]
590 : [498, 408, 335, 561, 129, 98369, 626, 64]
591 : [283, 409, 561, 408, 401, 98, 33158, 564]
592 : [502, 181, 98908, 603, 438, 573, 569, 174]
593 : [502, 565, 630, 499, 119, 114, 131714, 498]
594 : [626, 486, 331, 496, 325, 498, 83, 499]
595 : [502, 564, 563, 561, 554, 546, 66066, 528]
596 : [374, 98369, 174, 561, 64, 181, 564, 460]
597 : [630, 408, 409, 414, 418, 437, 438, 439]
598 : [119, 33158, 393, 554, 131, 98369, 496, 64]
599 : [460, 651, 559, 656, 305, 554, 137, 33158]
600 : [626, 87, 84, 258, 499, 66198, 498, 251]
601 : [561, 393, 391, 131, 129, 389, 131451, 137]
602 : [565, 563, 614, 615, 437, 228, 98908, 603]
603 : [33124, 305, 626, 131451, 391, 98369, 131, 64]
604 : [630, 617, 488, 486, 87, 84, 620, 484]
605 : [554, 98803, 651, 244, 656, 83, 573, 569]
606 : [565, 559, 33124, 228, 98803, 502, 283, 98]
607 : [565, 181, 573, 569, 131714, 83, 291, 499]
608 : [502, 131451, 33124, 83, 703, 496, 33158, 32844]
609 : [482, 82, 33162, 523, 276, 26, 99, 218]
610 : [255, 705, 650, 704, 114, 703, 119, 651]
611 : [358, 651, 559, 690, 692, 519, 528, 98]
612 : [569, 124, 614, 274, 129, 418, 137, 126]
613 : [565, 526, 554, 559, 98, 561, 564, 563]
614 : [502, 131, 526, 528, 66066, 374, 98, 33124]
615 : [565, 498, 324, 33085, 174, 460, 98, 66198]
616 : [565, 418, 124, 126, 437, 438, 439, 119]
617 : [519, 496, 374, 129, 98369, 703, 65, 64]
618 : [565, 460, 33158, 408, 409, 414, 418, 137]
619 : [87, 554, 228, 65802, 460, 630, 33158, 274]
620 : [391, 573, 83, 438, 437, 577, 32844, 191]
621 : [336, 33124, 692, 573, 98369, 569, 690, 64]
622 : [526, 129, 559, 554, 137, 546, 66066, 528]
623 : [546, 526, 137, 498, 129, 131, 528, 718]
624 : [614, 32844, 561, 564, 563, 409, 408, 569]
625 : [460, 191, 626, 291, 603, 519, 209, 98]
626 : [565, 174, 626, 83, 617, 358, 33124, 32844]
627 : [331, 484, 486, 563, 98369, 131, 129, 64]
628 : [519, 569, 137, 563, 129, 131, 131451, 391]
629 : [656, 546, 87, 620, 698, 573, 83, 393]
630 : [565, 131, 129, 559, 554, 137, 546, 561]
631 : [526, 496, 498, 499, 191, 98803, 181, 174]
632 : [565, 496, 131451, 124, 126, 391, 393, 119]
633 : [620, 98, 131451, 65802, 66198, 391, 98803, 331]
634 : [565, 630, 274, 129, 528, 526, 137, 66066]
635 : [565, 98933, 191, 577, 573, 569, 563, 564]
636 : [617, 119, 561, 114, 564, 563, 409, 569]
637 : [565, 98803, 83, 174, 614, 129, 617, 620]
638 : [59, 65802, 269, 274, 688, 283, 98587, 285]
639 : [565, 418, 129, 131, 569, 573, 124, 126]
640 : [526, 331, 519, 335, 98369, 336, 626, 64]
641 : [563, 174, 496, 498, 499, 98803, 519, 305]
642 : [439, 630, 131, 129, 137, 438, 437, 427]
643 : [565, 569, 573, 577, 438, 437, 137, 129]
644 : [419, 484, 614, 209, 87, 473, 617, 626]
645 : [563, 526, 129, 131, 528, 324, 66066, 33085]
646 : [565, 33085, 438, 439, 460, 696, 473, 486]
647 : [331, 486, 343, 174, 414, 291, 87, 681]
648 : [615, 573, 569, 174, 563, 181, 564, 603]
649 : [565, 554, 137, 439, 129, 131, 615, 614]
650 : [615, 502, 98803, 346, 87, 343, 519, 336]
651 : [66066, 614, 617, 220, 414, 251, 620, 83]
652 : [131, 66066, 473, 98, 99005, 564, 131714, 87]
653 : [496, 582, 98, 98615, 687, 87, 33085, 692]
654 : [617, 98908, 181, 358, 174, 33124, 615, 614]
655 : [620, 374, 131451, 87, 391, 393, 33158, 408]
656 : [630, 358, 98, 33124, 374, 131451, 391, 87]
657 : [565, 228, 129, 331, 391, 98369, 137, 546]
658 : [614, 414, 418, 263, 437, 87, 438, 439]
659 : [573, 274, 499, 498, 83, 65802, 263, 496]
660 : [263, 681, 324, 181, 87, 526, 408, 687]
661 : [630, 346, 358, 33124, 374, 87, 131451, 391]
662 : [124, 528, 718, 615, 87, 305, 414, 486]
663 : [484, 126, 651, 119, 656, 114, 283, 291]
664 : [418, 630, 32844, 228, 563, 126, 66066, 124]
665 : [274, 124, 126, 617, 614, 119, 99005, 114]
666 : [565, 437, 33158, 626, 617, 614, 393, 615]
667 : [565, 561, 291, 554, 98803, 174, 32844, 499]
668 : [630, 209, 617, 614, 615, 228, 244, 251]
669 : [630, 603, 191, 209, 573, 569, 563, 564]
670 : [565, 418, 603, 473, 131, 129, 391, 131451]
671 : [573, 343, 98908, 603, 687, 119, 358, 114]
