1 : [4503, 4024, 1493, 1475, 7320, 2708, 3206, 638]
2 : [5613, 136592, 151307, 129250, 132952, 134025, 126106, 128620]
3 : [3339, 1450, 6498, 2670, 2669, 6447, 1398, 149606]
4 : [2670, 2669, 1450, 6447, 6498, 3339, 149606, 976]
5 : [26010, 99089, 5777, 4539, 8460, 900, 25937, 50912]
6 : [6447, 1450, 6498, 2670, 2669, 3339, 1398, 976]
7 : [59418, 58904, 108949, 4279, 681, 2425, 1501, 4945]
8 : [8228, 2945, 5809, 8831, 1686, 1472, 3895, 3896]
9 : [118468, 5041, 115881, 101962, 2624, 2147, 95558, 1251]
10 : [25771, 95113, 95115, 4279, 58904, 2280, 4945, 2425]
11 : [6515, 2511, 1068, 2726, 2727, 3966, 7943, 3364]
12 : [82035, 101850, 79677, 6869, 5785, 81156, 80862, 3267]
13 : [149606, 1398, 976, 2669, 6498, 6447, 1450, 3339]
14 : [4988, 60343, 3166, 8654, 2537, 5361, 5357, 3207]
15 : [4279, 2280, 108949, 1447, 58904, 3427, 2425, 681]
16 : [8700, 5611, 1398, 976, 149606, 6498, 3339, 2669]
17 : [149606, 1398, 976, 30793, 51662, 72294, 58105, 364]
18 : [976, 1398, 149606, 2135, 4039, 47606, 8763, 8487]
19 : [25771, 95115, 95113, 976, 1398, 149606, 4945, 58904]
20 : [129250, 117192, 141866, 83829, 132549, 136592, 160590, 140753]
21 : [1398, 976, 149606, 3339, 2669, 2670, 6498, 1450]
22 : [1658, 6163, 4305, 5316, 162542, 58293, 78088, 47261]
23 : [4945, 1501, 3427, 2280, 4279, 1447, 58904, 2425]
24 : [58347, 36525, 86882, 45732, 3087, 95873, 69606, 33836]
25 : [8487, 107, 3396, 1031, 4039, 8763, 2135, 2083]
26 : [81132, 78772, 2018, 1033, 4305, 6163, 1658, 5316]
27 : [976, 149606, 1398, 6447, 6498, 2669, 2670, 1450]
28 : [1137, 7320, 50912, 638, 2497, 1669, 2340, 1475]
29 : [1220, 1772, 3563, 1762, 3576, 1690, 34323, 37380]
30 : [986, 808, 2056, 2057, 711, 2077, 7774, 1826]
31 : [34435, 303, 3267, 47196, 79677, 82035, 6869, 101850]
32 : [149606, 1398, 976, 3339, 2669, 2670, 6447, 6498]
33 : [4945, 108949, 1501, 3427, 2280, 681, 4279, 1447]
34 : [58904, 2425, 681, 2280, 3427, 4945, 1447, 59418]
35 : [4228, 88235, 8387, 4662, 4844, 2580, 7920, 63]
36 : [2425, 4945, 58904, 681, 2280, 108949, 3427, 1501]
37 : [95115, 25771, 95113, 1450, 6447, 6498, 2669, 3339]
38 : [2280, 4945, 1501, 1447, 4279, 59418, 2425, 3427]
39 : [638, 108949, 1501, 1137, 1493, 2497, 8911, 82035]
40 : [2537, 26013, 60343, 5361, 3207, 5864, 5357, 8654]
41 : [1033, 50872, 2018, 47606, 2135, 1031, 91094, 4188]
42 : [2280, 3427, 108949, 58904, 4279, 1501, 1447, 2425]
43 : [1398, 149606, 976, 6498, 6447, 3339, 1450, 2669]
44 : [1501, 2425, 681, 58904, 108949, 59418, 1447, 2280]
45 : [108949, 4279, 4945, 59418, 3427, 1501, 1447, 2425]
46 : [103688, 71135, 1129, 3662, 89343, 3663, 3664, 8644]
47 : [25771, 95113, 95115, 1398, 976, 149606, 2670, 6447]
48 : [6498, 2670, 1450, 3339, 6447, 2669, 149606, 976]
49 : [95113, 95115, 25771, 1398, 149606, 6798, 40851, 1009]
50 : [25771, 95115, 95113, 1398, 976, 149606, 5611, 8700]
51 : [4945, 681, 3427, 2280, 1501, 58904, 4279, 59418]
52 : [149606, 976, 1398, 8700, 5611, 2669, 1450, 3339]
53 : [80862, 2670, 3339, 6447, 2669, 6498, 26258, 1450]
54 : [3857, 5352, 992, 2983, 1892, 4770, 156726, 7792]
55 : [4491, 200, 4167, 190, 373, 96863, 4885, 3857]
56 : [5613, 128616, 136592, 83829, 143410, 132549, 117192, 141866]
57 : [106441, 364, 72294, 71745, 58105, 2018, 50872, 1033]
58 : [149606, 1398, 976, 2669, 2670, 6447, 1450, 3339]
59 : [4945, 59418, 1501, 58904, 2280, 2425, 4279, 1447]
60 : [50872, 1033, 2018, 58105, 71745, 72294, 364, 85316]
61 : [303, 47196, 3267, 34435, 53999, 4354, 1352, 26947]
62 : [72603, 74486, 66335, 106011, 5002, 5003, 32840, 160718]
63 : [86190, 74740, 7347, 5026, 5021, 1092, 257, 93982]
64 : [3427, 108949, 2280, 59418, 2425, 4945, 58904, 1501]
65 : [3427, 2280, 681, 4945, 1447, 1501, 2425, 108949]
66 : [443, 70488, 86593, 7256, 108076, 81158, 58376, 26325]
67 : [5002, 66335, 74486, 5003, 160718, 32840, 106011, 72603]
68 : [5613, 5785, 81156, 4783, 59684, 100032, 100034, 3680]
69 : [81156, 5785, 6869, 101850, 82035, 79677, 4969, 47728]
70 : [1033, 50872, 2018, 4188, 47606, 2135, 2084, 2083]
71 : [533, 2945, 8228, 80862, 58376, 26325, 120821, 6896]
72 : [7774, 2056, 2057, 3672, 1826, 3673, 754, 1017]
73 : [681, 4945, 108949, 2425, 3427, 58904, 2280, 1501]
74 : [976, 1398, 149606, 83374, 26258, 97757, 58376, 93040]
75 : [42721, 5182, 8666, 98829, 405, 109074, 5785, 81156]
76 : [82093, 1137, 4503, 4024, 2497, 50912, 2708, 1475]
77 : [47493, 1398, 976, 149606, 2941, 77435, 8008, 5705]
78 : [4945, 59418, 3427, 2280, 108949, 681, 2425, 1501]
79 : [95113, 95115, 25771, 7045, 130450, 2399, 33681, 104074]
80 : [466, 4802, 5541, 3836, 61132, 688, 6793, 5103]
81 : [5611, 8700, 55063, 466, 4802, 688, 3836, 61132]
82 : [2280, 2425, 681, 1398, 149606, 1501, 4279, 3427]
83 : [97757, 26325, 31547, 32853, 58376, 7156, 26003, 81158]
84 : [26164, 2872, 74530, 6743, 2140, 65685, 5816, 3807]
85 : [46561, 79029, 7979, 1191, 5820, 1819, 31682, 109205]
86 : [1447, 108949, 2425, 4945, 3427, 1501, 4279, 2280]
87 : [5611, 8700, 2340, 1137, 8911, 1493, 4503, 50912]
88 : [58904, 59418, 2425, 4279, 681, 1501, 1447, 4945]
89 : [976, 149606, 1398, 8700, 5611, 2669, 3339, 6447]
90 : [1501, 1447, 2280, 3427, 4945, 2425, 58904, 681]
91 : [51662, 30793, 109673, 1750, 70282, 3438, 8169, 2054]
92 : [108949, 681, 2280, 58904, 1447, 2425, 4945, 3427]
93 : [4279, 1447, 1501, 4945, 2280, 2425, 58904, 3427]
94 : [58904, 59418, 2425, 3427, 681, 4279, 1501, 4945]
95 : [2143, 3479, 55063, 118696, 74530, 26164, 5816, 6743]
96 : [132549, 117192, 140763, 136592, 128620, 151307, 128616, 141866]
97 : [2425, 3427, 1447, 108949, 2280, 59418, 58904, 4279]
98 : [79274, 98615, 90603, 99813, 74486, 72603, 66335, 32840]
99 : [149606, 976, 1398, 2670, 2669, 6498, 6447, 3339]
100 : [95115, 95113, 25771, 3612, 4294, 6316, 2047, 1028]
101 : [976, 149606, 1398, 6498, 6447, 2669, 2670, 3339]
102 : [1398, 149606, 976, 5611, 8700, 2941, 3339, 2670]
103 : [2077, 146, 1582, 5504, 1017, 1826, 6405, 484]
104 : [681, 1501, 58904, 3427, 4945, 2425, 59418, 4279]
105 : [1501, 4945, 4279, 108949, 2280, 59418, 3427, 681]
106 : [101850, 79677, 81156, 82035, 6869, 5785, 53138, 1275]
107 : [26164, 3807, 118696, 5816, 6743, 71404, 2872, 2140]
108 : [6798, 594, 46062, 95740, 48, 98441, 1907, 26093]
109 : [2083, 91094, 3396, 3398, 8763, 107, 47606, 2135]
110 : [6447, 1450, 3339, 6498, 2670, 2669, 638, 3206]
111 : [81156, 5785, 6042, 7358, 164979, 8577, 1145, 1147]
112 : [594, 783, 6798, 46062, 1029, 95740, 26093, 98441]
113 : [149606, 6498, 3339, 1398, 1450, 976, 2669, 2670]
114 : [3339, 6498, 6447, 1450, 2669, 2670, 59501, 2162]
115 : [129250, 143410, 149532, 83829, 128620, 128616, 136592, 117192]
116 : [2280, 4279, 1501, 58904, 3427, 108949, 59418, 681]
117 : [2425, 681, 1501, 3427, 59418, 58904, 1447, 4279]
118 : [976, 149606, 1398, 5611, 8700, 1450, 2670, 2669]
119 : [3339, 2669, 1450, 2670, 6498, 6447, 2077, 754]
120 : [95115, 95113, 25771, 5611, 8700, 6447, 2669, 2670]
121 : [108949, 3427, 1447, 681, 2425, 4945, 58904, 1501]
122 : [108949, 2425, 4279, 1501, 59418, 2280, 1447, 3427]
123 : [5611, 8700, 443, 108076, 7256, 70488, 86593, 31547]
124 : [5611, 8700, 976, 1398, 149606, 2670, 2669, 1450]
125 : [986, 609, 6405, 7774, 1826, 828, 711, 238]
126 : [95115, 95113, 25771, 115881, 101962, 5041, 118468, 2148]
127 : [1398, 976, 149606, 8700, 5611, 2670, 2669, 6447]
128 : [3963, 5098, 6725, 5193, 6390, 1926, 4360, 99273]
129 : [2670, 6447, 2669, 1398, 149606, 3339, 1450, 6498]
130 : [1398, 976, 149606, 1450, 6447, 2669, 2670, 6498]
131 : [7789, 6126, 6121, 926, 2022, 6115, 146656, 6127]
132 : [1501, 58904, 108949, 3427, 1447, 4945, 4279, 59418]
133 : [8700, 5611, 1398, 976, 149606, 6498, 3339, 6447]
134 : [82667, 67193, 1686, 102278, 3529, 2605, 2917, 95761]
135 : [783, 26093, 1028, 1031, 1033, 8713, 8487, 4039]
136 : [1378, 6826, 5230, 5199, 5063, 5057, 3671, 4035]
137 : [5820, 59590, 1191, 109205, 79686, 26163, 3679, 79029]
138 : [681, 2280, 59418, 4279, 1501, 2425, 108949, 1447]
139 : [681, 4945, 3427, 108949, 2280, 1447, 4279, 59418]
140 : [5517, 4354, 2561, 43936, 101741, 2605, 6322, 8831]
141 : [2425, 4945, 58904, 108949, 2280, 681, 4279, 59418]
142 : [26093, 1029, 783, 48, 1688, 98441, 594, 1907]
143 : [108949, 681, 58904, 4279, 59418, 1447, 1501, 2425]
144 : [27800, 5003, 106011, 66335, 81018, 74486, 32840, 5002]
145 : [93432, 6780, 6772, 53883, 83332, 27878, 26797, 44633]
146 : [108949, 2425, 59418, 1447, 3427, 1501, 681, 2280]
147 : [4279, 681, 1447, 59418, 4945, 3427, 2280, 2425]
148 : [3339, 6447, 2669, 2670, 6498, 1450, 25771, 95113]
149 : [2708, 1475, 1493, 7320, 638, 1669, 2340, 4024]
150 : [3427, 2280, 108949, 2425, 1447, 58904, 1501, 4279]
151 : [1967, 47493, 3339, 3427, 1501, 2670, 4945, 59418]
152 : [4690, 47493, 1967, 2941, 4528, 1267, 1616, 3555]
153 : [3427, 1447, 58904, 681, 4945, 108949, 2425, 1501]
154 : [32022, 58376, 7156, 31547, 26325, 32853, 26003, 93040]
155 : [5611, 8700, 976, 149606, 1398, 2670, 6447, 6498]
156 : [83603, 72603, 160718, 5003, 106011, 66335, 81018, 5002]
157 : [1501, 108949, 681, 2280, 59418, 3427, 4279, 58904]
158 : [976, 1398, 149606, 5611, 2670, 8700, 3339, 1450]
159 : [976, 1398, 149606, 1447, 2425, 4945, 1501, 2280]
160 : [3427, 2280, 4945, 1447, 2425, 108949, 1501, 4279]
161 : [8228, 2945, 681, 1501, 1447, 108949, 3427, 2425]
162 : [2138, 314, 885, 1907, 26662, 72294, 594, 98441]
163 : [1501, 3427, 59418, 108949, 2425, 58904, 4279, 1447]
164 : [7107, 1824, 2806, 91688, 415, 784, 48593, 135508]
165 : [2280, 4279, 4945, 681, 108949, 58904, 59418, 3427]
166 : [6498, 1450, 2669, 2670, 3339, 6447, 106441, 26084]
167 : [34, 61634, 531, 5099, 8572, 7059, 755, 8761]
168 : [2280, 4945, 681, 1447, 108949, 1501, 58904, 3427]
169 : [3267, 47196, 34435, 303, 7979, 45987, 1819, 6864]
170 : [149606, 1398, 976, 3768, 114662, 4795, 3766, 6808]
171 : [3427, 108949, 4279, 58904, 1501, 59418, 2280, 681]
172 : [2425, 681, 2280, 1447, 3427, 59418, 1501, 4945]
173 : [2045, 74282, 362, 25856, 3357, 6027, 117176, 1735]
174 : [6447, 6498, 3339, 2669, 1450, 2670, 149606, 976]
175 : [1447, 4945, 4279, 58904, 3427, 118696, 108949, 681]
176 : [681, 4945, 2280, 59418, 58904, 4279, 108949, 1447]
177 : [26013, 941, 8654, 5864, 4988, 5361, 3166, 2537]
178 : [1398, 149606, 976, 3836, 688, 466, 4802, 5541]
179 : [25771, 95115, 95113, 1501, 108949, 58904, 2280, 681]
180 : [149606, 976, 1398, 81158, 31547, 26003, 7156, 26325]
181 : [1501, 1447, 3427, 4279, 681, 4945, 2425, 59418]
182 : [128620, 122888, 143410, 129250, 117192, 140753, 126106, 140763]
183 : [6386, 3487, 1181, 148652, 5063, 6356, 5826, 8522]
184 : [95740, 577, 6232, 1015, 8850, 2139, 6170, 2430]
185 : [4945, 58904, 681, 2425, 3427, 2280, 59418, 4279]
186 : [25771, 95113, 95115, 26164, 2872, 118696, 2140, 6743]
187 : [3427, 108949, 2425, 2280, 1501, 4945, 681, 58904]
188 : [5611, 8700, 976, 149606, 1398, 1450, 2670, 2669]
189 : [8228, 2945, 555, 53322, 731, 4957, 4963, 1785]
190 : [8228, 2945, 5613, 4969, 47728, 4469, 69945, 4212]
191 : [59418, 4279, 681, 1447, 108949, 2280, 4945, 1501]
192 : [6405, 2077, 711, 1582, 2057, 828, 2056, 609]
193 : [1447, 2425, 108949, 3427, 2280, 4279, 59418, 681]
194 : [1398, 149606, 976, 3339, 1450, 6447, 6498, 2669]
195 : [149606, 976, 1398, 6498, 6447, 3339, 2669, 2670]
196 : [5785, 81156, 66785, 1201, 1008, 1887, 5301, 432]
197 : [37857, 5038, 953, 314, 5971, 26662, 1099, 140747]
198 : [2280, 4945, 108949, 2425, 59418, 1501, 3427, 4279]
199 : [1493, 2497, 50912, 7320, 1137, 3206, 2708, 638]
200 : [257, 2206, 4932, 335, 5120, 158238, 695, 6950]
201 : [6743, 3807, 2872, 26164, 74530, 71404, 118696, 5816]
202 : [108949, 58904, 3427, 2425, 681, 2280, 59418, 1501]
203 : [25771, 95115, 95113, 132549, 128616, 143410, 134025, 141866]
204 : [25771, 95115, 95113, 7840, 5801, 1445, 157, 473]
205 : [95113, 95115, 25771, 3807, 6743, 71404, 26164, 2872]
206 : [4802, 3836, 5541, 61132, 688, 466, 157, 7840]
207 : [4248, 27685, 4402, 140265, 4388, 102686, 107516, 4381]
208 : [32022, 93040, 120821, 5288, 97757, 8582, 81158, 9018]
209 : [8616, 106441, 4459, 4458, 4453, 37, 1797, 26084]
210 : [58105, 72294, 71745, 27, 26528, 8929, 5099, 91886]
211 : [25771, 95113, 95115, 2669, 2670, 3339, 6447, 1450]
212 : [2057, 2077, 754, 5504, 2056, 2039, 238, 7774]
213 : [80862, 67665, 92163, 7979, 3679, 2677, 79029, 5820]
214 : [1501, 4945, 108949, 2425, 59418, 681, 2280, 1447]
215 : [25771, 95115, 95113, 3820, 343, 3339, 2670, 2669]
216 : [55063, 1681, 2373, 94480, 3153, 44, 57326, 653]
217 : [149532, 83829, 141866, 126106, 132952, 128620, 143410, 122888]
218 : [4821, 8879, 4496, 74740, 4177, 67361, 128592, 1845]
219 : [43910, 79686, 27812, 5820, 1191, 1819, 2677, 7979]
220 : [2280, 2425, 58904, 4945, 4279, 1447, 59418, 681]
221 : [60343, 3166, 8654, 26013, 2537, 5864, 5357, 4988]
222 : [2143, 3479, 95113, 25771, 95115, 59418, 108949, 1501]
223 : [5003, 32840, 74486, 81018, 106011, 5002, 83603, 66335]
224 : [8700, 5611, 1398, 976, 149606, 82093, 1137, 2497]
225 : [6447, 2670, 2669, 1450, 3339, 6498, 72129, 79868]
226 : [8499, 5515, 5498, 80553, 136562, 5473, 80590, 5447]
227 : [47493, 1967, 7894, 144976, 163, 1304, 6470, 43419]
228 : [976, 149606, 1398, 106011, 160718, 118468, 66335, 72603]
229 : [3427, 4279, 1447, 2425, 681, 59418, 1501, 4945]
230 : [1450, 6447, 2669, 2670, 3339, 6498, 2328, 70121]
231 : [25771, 95113, 95115, 6447, 2669, 6498, 1450, 3339]
232 : [976, 149606, 1398, 95113, 95115, 25771, 106489, 98809]
233 : [5611, 8700, 976, 1398, 149606, 3206, 50912, 638]
234 : [5319, 53322, 53999, 3895, 3906, 102278, 1472, 6920]
235 : [681, 1447, 2425, 1501, 59418, 58904, 2280, 108949]
236 : [976, 1398, 149606, 6808, 4923, 2476, 4795, 2815]
237 : [4945, 59418, 3427, 2425, 2280, 58904, 108949, 1501]
238 : [4690, 303, 47196, 34435, 3267, 521, 53999, 3529]
239 : [5002, 81018, 32840, 83603, 5003, 160718, 72603, 74486]
240 : [4945, 58904, 2425, 59418, 3427, 1501, 1447, 108949]
241 : [108949, 58904, 1501, 681, 4945, 2425, 59418, 4279]
242 : [95115, 95113, 25771, 976, 1398, 149606, 65685, 6743]
243 : [4945, 108949, 681, 1501, 3427, 2280, 2425, 59418]
244 : [2280, 681, 4279, 4945, 2425, 58904, 1501, 59418]
245 : [976, 149606, 1398, 26325, 7156, 120821, 9018, 32853]
246 : [3206, 1493, 1137, 638, 2708, 8911, 7320, 2497]
247 : [7156, 5288, 32853, 31547, 93040, 8582, 81158, 32022]
248 : [82093, 1447, 3427, 4279, 2280, 59418, 58904, 4945]
249 : [681, 59418, 3427, 1447, 1501, 58904, 108949, 2280]
250 : [681, 59418, 1447, 58904, 2280, 3427, 4945, 1501]
251 : [81018, 74486, 32840, 5002, 66335, 72603, 5003, 106011]
252 : [134025, 140763, 83829, 141866, 149532, 129250, 151307, 140753]
253 : [95115, 95113, 25771, 1398, 976, 149606, 2669, 6498]
254 : [2425, 1447, 681, 4945, 1501, 2280, 3427, 59418]
255 : [95113, 95115, 25771, 118696, 2140, 3807, 74530, 26164]
256 : [59418, 1447, 2425, 1501, 681, 58904, 108949, 4279]
257 : [146, 828, 808, 1017, 5504, 238, 2077, 711]
258 : [26349, 5319, 8207, 2917, 5312, 53999, 1785, 521]
259 : [6447, 1450, 2670, 6498, 2669, 3339, 4279, 1501]
260 : [140753, 140763, 160590, 122888, 151307, 128616, 128620, 141866]
261 : [39427, 1343, 5352, 2214, 2210, 7792, 2180, 2178]
262 : [58904, 4279, 3427, 2280, 1447, 2425, 4945, 59418]
263 : [59834, 95113, 95115, 25771, 6429, 26294, 8522, 4411]
264 : [87383, 8616, 26084, 1398, 2669, 3339, 2670, 149606]
265 : [149606, 1398, 976, 2816, 4795, 2476, 2815, 4207]
266 : [8700, 1398, 5611, 976, 149606, 6447, 6498, 1450]
267 : [108949, 1501, 59418, 4945, 2280, 1447, 58904, 3427]
268 : [58105, 72294, 71745, 26093, 98441, 1907, 46062, 1688]
269 : [6447, 1398, 976, 6498, 2670, 149606, 3339, 1450]
270 : [4945, 681, 59418, 1447, 3427, 58904, 2425, 2280]
271 : [8612, 6232, 2430, 2687, 2384, 2090, 455, 1015]
272 : [5611, 8700, 149606, 976, 1398, 6447, 2669, 1450]
273 : [95115, 95113, 25771, 149606, 976, 1398, 1450, 3339]
274 : [88954, 2359, 8376, 4201, 7093, 64032, 7091, 127194]
275 : [1398, 149606, 976, 5611, 8700, 2669, 6447, 2670]
276 : [5611, 8700, 3820, 343, 6498, 2670, 2669, 3339]
277 : [95113, 95115, 25771, 4945, 3427, 2425, 4279, 58904]
278 : [55063, 7358, 112921, 6306, 33838, 6327, 80185, 6331]
279 : [95113, 25771, 95115, 2669, 2670, 6498, 1450, 3339]
280 : [2143, 3479, 1926, 51372, 62912, 6355, 3604, 2877]
281 : [149606, 1398, 976, 106441, 30793, 51662, 6447, 2670]
282 : [95115, 95113, 25771, 74530, 118696, 26164, 2872, 2140]
283 : [95113, 25771, 95115, 4945, 58904, 3427, 2280, 1447]
284 : [43910, 31682, 7836, 1191, 6864, 79029, 7979, 46561]
285 : [50872, 1033, 71745, 72294, 58105, 106441, 2566, 3483]
286 : [5042, 4587, 66335, 106011, 83603, 5003, 72603, 5002]
287 : [6498, 6447, 2669, 1450, 3339, 2670, 1398, 149606]
288 : [8700, 5611, 664, 813, 818, 6628, 86293, 1640]
289 : [8911, 2708, 1137, 4024, 638, 2497, 50912, 1475]
290 : [2877, 918, 8819, 3963, 1087, 5098, 963, 51372]
291 : [1501, 681, 4279, 3427, 4945, 2280, 108949, 59418]
292 : [2018, 1033, 50872, 3396, 3398, 1031, 2083, 2084]
293 : [4503, 1669, 50912, 8911, 2708, 3206, 7320, 2497]
294 : [976, 1398, 149606, 2669, 6498, 1450, 2670, 3339]
295 : [3339, 2669, 2670, 1450, 6498, 6447, 149606, 1398]
296 : [118468, 115881, 5041, 27800, 101962, 31150, 6337, 6305]
297 : [7774, 1582, 609, 1017, 2039, 828, 3673, 3672]
298 : [1475, 2708, 8911, 3206, 638, 1137, 4503, 1493]
299 : [2425, 1447, 2280, 58904, 4945, 59418, 1501, 4279]
300 : [976, 1398, 5611, 8700, 149606, 1450, 6498, 6447]
301 : [25771, 95113, 95115, 59418, 2425, 58904, 2280, 3427]
302 : [5613, 3660, 4124, 2722, 96490, 7282, 26303, 2719]
303 : [59418, 4945, 108949, 3427, 1501, 4279, 2280, 1447]
304 : [681, 4279, 3427, 4945, 2425, 1501, 2280, 59418]
305 : [2669, 1450, 6447, 6498, 2670, 3339, 373, 2753]
306 : [2422, 6232, 6170, 8534, 2139, 2090, 2430, 169]
307 : [49649, 69805, 53138, 5540, 2373, 1275, 2193, 393]
308 : [3820, 343, 8572, 27, 1026, 7059, 1012, 34]
309 : [55063, 8700, 5611, 7840, 4349, 1445, 7104, 3022]
310 : [82093, 8695, 3861, 3858, 3852, 3851, 3846, 3831]
311 : [149606, 3339, 6447, 1450, 2669, 2670, 106441, 1263]
312 : [108949, 1501, 4279, 59418, 3427, 681, 1447, 2280]
313 : [95113, 95115, 25771, 58904, 2280, 4945, 681, 2425]
314 : [1447, 4279, 4945, 108949, 59418, 681, 3427, 2280]
315 : [55063, 95113, 95115, 25771, 533, 1408, 83374, 59834]
316 : [71404, 6743, 26164, 3807, 2140, 74530, 65685, 2872]
317 : [2669, 3339, 1450, 6447, 6498, 2670, 1447, 58904]
318 : [3025, 3133, 72626, 4411, 2401, 91582, 61289, 7027]
319 : [5864, 4988, 941, 60343, 8654, 3166, 5361, 5357]
320 : [4469, 47728, 4212, 69945, 4969, 26164, 74530, 3807]
321 : [976, 149606, 1398, 55063, 2143, 3479, 8700, 5611]
322 : [5611, 149606, 1398, 8700, 95113, 25771, 95115, 976]
323 : [6447, 6498, 976, 149606, 2670, 3339, 1450, 1398]
324 : [95115, 25771, 95113, 681, 59418, 1501, 4279, 58904]
325 : [4795, 6518, 5965, 4207, 4353, 2476, 3766, 3768]
326 : [8700, 976, 149606, 5611, 1398, 4923, 4503, 7320]
327 : [4988, 3166, 26013, 2537, 941, 60343, 5864, 3207]
328 : [149606, 1398, 976, 6498, 6447, 2669, 1450, 3339]
329 : [4470, 3331, 1508, 6477, 1504, 34271, 50160, 6474]
330 : [6498, 1450, 2670, 2669, 6447, 3339, 95113, 95115]
331 : [1033, 2018, 50872, 107, 47606, 4039, 1031, 91094]
332 : [1475, 8911, 3206, 1137, 1493, 1669, 4503, 638]
333 : [4238, 2206, 1089, 86190, 4086, 5120, 1092, 1459]
334 : [3339, 1450, 6447, 2669, 2670, 6498, 1398, 8700]
335 : [3820, 343, 1859, 7773, 117456, 111913, 7767, 3649]
336 : [1398, 149606, 976, 8700, 5611, 8666, 405, 109074]
337 : [2670, 25771, 1398, 149606, 2669, 8700, 95115, 3339]
338 : [149606, 1398, 976, 5611, 8700, 2815, 2476, 969]
339 : [58904, 3427, 4279, 59418, 108949, 2425, 681, 4945]
340 : [681, 2425, 59418, 4279, 108949, 4945, 1447, 58904]
341 : [1501, 4945, 59418, 58904, 2425, 1447, 681, 108949]
342 : [1398, 149606, 976, 4945, 59418, 108949, 2425, 1447]
343 : [81156, 5785, 49649, 135532, 7757, 120821, 3771, 6896]
344 : [108949, 4945, 3427, 2280, 59418, 1501, 58904, 4279]
345 : [976, 1398, 149606, 1450, 3339, 2669, 2670, 6498]
346 : [86593, 7256, 108076, 70488, 443, 704, 3999, 1049]
347 : [4690, 1447, 108949, 1501, 4945, 2280, 681, 2425]
348 : [2631, 48872, 320, 31770, 4821, 1267, 3555, 4528]
349 : [149606, 976, 1398, 5611, 8700, 6447, 1450, 3339]
350 : [2280, 681, 3427, 2425, 4279, 108949, 1501, 4945]
351 : [59418, 2425, 3427, 108949, 681, 58904, 4279, 4945]
352 : [31547, 26003, 149606, 5288, 1398, 9018, 97757, 32853]
353 : [2280, 4279, 59418, 2425, 108949, 3427, 4945, 1447]
354 : [108949, 2425, 681, 1501, 1447, 4945, 59418, 3427]
355 : [58904, 3427, 59418, 4945, 681, 108949, 2280, 4279]
356 : [76173, 7367, 42197, 8117, 6893, 5047, 26425, 4299]
357 : [5003, 32840, 5002, 106011, 83603, 81018, 66335, 160718]
358 : [73860, 1949, 7583, 7613, 7615, 1943, 7619, 1941]
359 : [4945, 59418, 681, 2425, 1501, 58904, 1447, 4279]
360 : [531, 6427, 6316, 61634, 241, 7059, 919, 917]
361 : [976, 149606, 1398, 1450, 2670, 6498, 6447, 3339]
362 : [681, 2280, 108949, 4945, 3427, 4279, 1501, 58904]
363 : [108949, 681, 58904, 2280, 3427, 2425, 59418, 4279]
364 : [1398, 976, 149606, 50912, 1669, 4024, 1493, 1475]
365 : [117192, 132952, 149532, 122888, 141866, 134025, 83829, 151307]
366 : [149606, 1398, 976, 140763, 141866, 160590, 132549, 136592]
367 : [106441, 484, 1582, 754, 986, 1017, 3673, 711]
368 : [4988, 60343, 3166, 941, 5361, 5357, 2537, 8654]
369 : [149606, 1398, 976, 6447, 6498, 1450, 2669, 2670]
370 : [149606, 976, 1398, 25771, 95113, 95115, 6447, 2670]
371 : [638, 7320, 3206, 1669, 50912, 4503, 2497, 1493]
372 : [80862, 126106, 141866, 151307, 132549, 160590, 134025, 117192]
373 : [71745, 364, 72294, 58105, 30793, 51662, 2103, 2018]
374 : [3427, 2280, 1501, 1447, 4279, 108949, 58904, 4945]
375 : [102278, 101741, 6322, 53999, 3529, 5809, 57401, 57526]
376 : [149606, 976, 1398, 2669, 3339, 2670, 6447, 6498]
377 : [1661, 74740, 5938, 4932, 93982, 4927, 4898, 2475]
378 : [25771, 95115, 95113, 976, 149606, 1398, 3339, 1450]
379 : [4279, 58904, 1501, 1447, 2280, 108949, 2425, 4945]
380 : [681, 1447, 58904, 1501, 108949, 2425, 4945, 3427]
381 : [58904, 3427, 4945, 108949, 1501, 59418, 1447, 2280]
382 : [95115, 95113, 25771, 74530, 118696, 71404, 2140, 26164]
383 : [1207, 1054, 26082, 1051, 50245, 1960, 142536, 68901]
384 : [8654, 5357, 5361, 5864, 2537, 3166, 3207, 941]
385 : [1447, 4279, 3427, 58904, 1501, 681, 59418, 2280]
386 : [1450, 3339, 6498, 2670, 2669, 6447, 149606, 976]
387 : [98809, 101025, 8368, 106489, 74789, 30793, 51662, 71745]
388 : [976, 1398, 149606, 3339, 6447, 6498, 1450, 2669]
389 : [25771, 95115, 95113, 2280, 1447, 59418, 58904, 2425]
390 : [6355, 1087, 963, 6725, 6348, 99273, 2877, 8819]
391 : [108076, 443, 70488, 7256, 86593, 60135, 6433, 100581]
392 : [5785, 81156, 26163, 3679, 45987, 5820, 6864, 2677]
393 : [1398, 149606, 976, 6498, 2670, 2669, 6447, 3339]
394 : [5517, 5312, 26663, 2917, 8207, 5319, 1785, 731]
395 : [5098, 4360, 3963, 62912, 5193, 51372, 1087, 3604]
396 : [126106, 136592, 151307, 140753, 140763, 122888, 143410, 134025]
397 : [4945, 681, 1447, 2280, 2425, 1501, 3427, 108949]
398 : [1304, 383, 2478, 72626, 144976, 4411, 91582, 70121]
399 : [82093, 8700, 5611, 2340, 50912, 8911, 4503, 1137]
400 : [58904, 4279, 59418, 1447, 2425, 4945, 1501, 681]
401 : [4945, 681, 108949, 1447, 1501, 2280, 2425, 58904]
402 : [4279, 59418, 1447, 2280, 2425, 4945, 3427, 108949]
403 : [4279, 1501, 59418, 2280, 58904, 2425, 4945, 681]
404 : [1501, 681, 2280, 58904, 59418, 2425, 4945, 108949]
405 : [1501, 2425, 58904, 4945, 1447, 59418, 3427, 108949]
406 : [8700, 5611, 976, 1398, 149606, 78893, 44, 2115]
407 : [6798, 1688, 98441, 1907, 46062, 594, 26093, 48]
408 : [162542, 5316, 6163, 4305, 4957, 1352, 1785, 101741]
409 : [108949, 2280, 2425, 3427, 4945, 1501, 1447, 4279]
410 : [1501, 681, 59418, 58904, 2280, 4279, 108949, 1447]
411 : [141866, 140753, 140763, 129250, 128620, 128616, 117192, 132952]
412 : [71745, 72294, 58105, 30793, 51662, 2800, 953, 37857]
413 : [149606, 1398, 976, 6447, 6498, 1450, 2670, 3339]
414 : [149606, 1398, 976, 2143, 3479, 1035, 99089, 8460]
415 : [3207, 941, 4988, 5361, 8654, 2537, 60343, 3166]
416 : [4861, 37, 4453, 4458, 4459, 1797, 5785, 81156]
417 : [1892, 132, 2856, 2178, 3634, 134158, 4491, 4020]
418 : [3339, 6498, 6447, 1450, 2670, 2669, 976, 1398]
419 : [681, 1447, 2425, 108949, 4945, 1501, 3427, 4279]
420 : [26258, 83374, 34435, 3267, 47196, 108076, 86593, 70488]
421 : [1447, 6498, 4945, 2670, 2669, 149606, 2280, 3427]
422 : [51662, 30793, 33681, 2399, 3439, 59501, 2093, 50601]
423 : [4279, 4945, 681, 3427, 58904, 2425, 59418, 108949]
424 : [81132, 43679, 5342, 1974, 8957, 8947, 8670, 5679]
425 : [95113, 95115, 25771, 2047, 7247, 6316, 63239, 3612]
426 : [3339, 2670, 6498, 2669, 6447, 1450, 2872, 118696]
427 : [5785, 81156, 134859, 80599, 73392, 66019, 26366, 26400]
428 : [1447, 1501, 2425, 4945, 4279, 59418, 681, 2280]
429 : [8911, 3206, 1669, 7320, 1475, 4024, 4503, 1137]
430 : [6239, 135266, 2091, 62376, 2038, 51698, 2053, 2046]
431 : [3427, 2280, 59418, 681, 1501, 1447, 4279, 108949]
432 : [2669, 6447, 3339, 6498, 1450, 2670, 71404, 3807]
433 : [25771, 95115, 95113, 3339, 6447, 1450, 2669, 2670]
434 : [6498, 6447, 2670, 2669, 3339, 1450, 976, 1398]
435 : [71404, 95115, 65685, 4279, 26164, 5952, 6743, 2872]
436 : [2670, 1450, 2669, 3339, 6447, 6498, 1398, 149606]
437 : [4279, 4945, 2280, 58904, 108949, 59418, 2425, 1501]
438 : [6725, 6390, 6355, 6348, 51372, 99273, 1926, 3604]
439 : [1501, 58904, 2425, 3427, 4279, 1447, 681, 2280]
440 : [58904, 4279, 2280, 3427, 1447, 681, 1501, 59418]
441 : [5864, 4988, 3166, 2537, 3207, 941, 8654, 26013]
442 : [976, 149606, 1398, 6447, 3339, 1450, 2669, 2670]
443 : [108076, 443, 86593, 7256, 70488, 93040, 9018, 26325]
444 : [3339, 6447, 2669, 2670, 5611, 8700, 6498, 1450]
445 : [1398, 149606, 976, 3339, 2669, 2670, 6447, 6498]
446 : [82093, 98829, 405, 8666, 42721, 5182, 109074, 59418]
447 : [6447, 3339, 2670, 2669, 6498, 1450, 95113, 25771]
448 : [40946, 4024, 7004, 6228, 50912, 99273, 4011, 2349]
449 : [95115, 3427, 1447, 1501, 95113, 2280, 2425, 681]
450 : [2340, 1475, 638, 3206, 4024, 2497, 50912, 8911]
451 : [731, 6920, 1472, 5312, 4957, 5319, 3529, 8831]
452 : [25771, 95115, 95113, 4945, 58904, 59418, 1447, 681]
453 : [964, 2401, 6386, 6356, 3806, 3037, 3368, 4045]
454 : [1361, 33838, 59684, 6123, 59731, 71650, 83827, 107382]
455 : [3479, 2143, 55063, 128616, 117192, 126106, 140763, 136592]
456 : [4988, 3166, 2537, 60343, 5357, 5361, 26013, 941]
457 : [59418, 3427, 681, 4279, 1447, 2425, 4945, 58904]
458 : [95115, 25771, 95113, 6447, 2670, 3339, 6498, 1450]
459 : [2017, 919, 7247, 74630, 118997, 63239, 74089, 8713]
460 : [82093, 6974, 113453, 6763, 4844, 88235, 1125, 4863]
461 : [681, 108949, 58904, 3427, 1501, 2425, 2280, 4945]
462 : [86593, 443, 70488, 108076, 7256, 8999, 96150, 4237]
463 : [4945, 59418, 681, 58904, 2425, 1501, 3427, 2280]
464 : [2670, 2669, 1450, 6498, 3339, 6447, 976, 2143]
465 : [2425, 59418, 108949, 2280, 1447, 681, 1501, 4945]
466 : [95740, 87383, 26084, 8616, 26093, 98441, 46062, 158]
467 : [6163, 4305, 1658, 5316, 162542, 4528, 3555, 2404]
468 : [95113, 95115, 681, 1447, 4945, 2280, 4279, 58904]
469 : [7156, 6896, 58376, 9018, 31547, 26003, 81158, 5288]
470 : [108076, 86593, 70488, 443, 7256, 27713, 46347, 4217]
471 : [1501, 2425, 2280, 681, 108949, 3427, 4279, 4945]
472 : [5785, 81156, 94480, 57326, 3771, 1587, 393, 1681]
473 : [976, 1398, 149606, 1450, 3339, 6498, 2670, 2669]
474 : [4945, 681, 1447, 2425, 58904, 2280, 4279, 3427]
475 : [2425, 4279, 4945, 1447, 681, 58904, 2280, 59418]
476 : [808, 2077, 146, 158, 1017, 986, 609, 711]
477 : [2340, 2708, 5611, 7320, 1137, 1493, 8911, 50912]
478 : [59418, 4945, 108949, 1501, 3427, 4279, 1447, 58904]
479 : [1015, 8534, 68954, 8612, 2422, 421, 2079, 8850]
480 : [533, 2404, 3555, 1616, 1267, 4528, 942, 913]
481 : [4279, 4945, 108949, 58904, 1447, 59418, 1501, 3427]
482 : [4945, 2280, 4279, 3427, 1501, 108949, 58904, 59418]
483 : [108949, 4279, 4945, 2280, 59418, 1501, 1447, 58904]
484 : [58904, 2280, 4279, 4945, 59418, 2425, 1501, 1447]
485 : [149606, 6498, 1398, 3339, 1450, 976, 6447, 2670]
486 : [976, 1398, 149606, 98829, 8666, 109074, 42721, 5182]
487 : [5041, 101962, 115881, 118468, 1672, 2231, 949, 2236]
488 : [99089, 4539, 26010, 25937, 8460, 5777, 1035, 900]
489 : [976, 1398, 149606, 109074, 8666, 42721, 98829, 5182]
490 : [70488, 443, 638, 108076, 1493, 1475, 4503, 7256]
491 : [59501, 33681, 70697, 1583, 56171, 50601, 7164, 2093]
492 : [81156, 5785, 83603, 5003, 32840, 72603, 81018, 74486]
493 : [69945, 47728, 4969, 4212, 4469, 2945, 8228, 80862]
494 : [1447, 59418, 3427, 4279, 2425, 108949, 2280, 4945]
495 : [3339, 95113, 1450, 6498, 2669, 95115, 2670, 25771]
496 : [101962, 5041, 115881, 118468, 27800, 5679, 8670, 6629]
497 : [99846, 146682, 3077, 113938, 7484, 33154, 54881, 104595]
498 : [25771, 95115, 95113, 3339, 6447, 2669, 1398, 1450]
499 : [1826, 7774, 754, 158, 1582, 808, 828, 6405]
500 : [638, 2708, 50912, 1669, 1137, 8911, 7320, 2340]
501 : [3672, 2077, 609, 3673, 6405, 5504, 711, 7774]
502 : [6561, 7840, 9001, 473, 1663, 7104, 1445, 3022]
503 : [2708, 8911, 50912, 2497, 1137, 4024, 7320, 2340]
504 : [55063, 4821, 86190, 73017, 5418, 4898, 74740, 3656]
505 : [976, 1398, 149606, 151307, 141866, 140753, 134025, 122888]
506 : [3427, 1501, 58904, 4279, 108949, 681, 1447, 4945]
507 : [3427, 4279, 1447, 108949, 4945, 59418, 58904, 1501]
508 : [59418, 681, 108949, 1501, 4945, 2425, 4279, 58904]
509 : [3427, 4945, 681, 4279, 58904, 108949, 1447, 59418]
510 : [65685, 2140, 2872, 5816, 5952, 6743, 71404, 3807]
511 : [4690, 5319, 1472, 96114, 82667, 4354, 1352, 7791]
512 : [828, 238, 2056, 808, 2057, 5504, 609, 711]
513 : [4945, 681, 1501, 2280, 1447, 58904, 3427, 59418]
514 : [95115, 95113, 25771, 2425, 108949, 1501, 4945, 3427]
515 : [5864, 3166, 5357, 60343, 8654, 941, 4988, 2537]
516 : [1501, 1447, 59418, 2425, 108949, 4279, 2280, 3427]
517 : [2425, 681, 2280, 59418, 1447, 1501, 3427, 108949]
518 : [3886, 972, 971, 6918, 6906, 6898, 39659, 6890]
519 : [80185, 5914, 71462, 5932, 769, 69529, 54881, 104272]
520 : [58904, 2425, 59418, 1501, 2280, 4279, 681, 3427]
521 : [1501, 58904, 108949, 4279, 4945, 59418, 2425, 2280]
522 : [5361, 8654, 5357, 3207, 26013, 60343, 3166, 5864]
523 : [6896, 58376, 31547, 26003, 8582, 7156, 32853, 26325]
524 : [82093, 58904, 59418, 4279, 2280, 1501, 108949, 4945]
525 : [3896, 1352, 5312, 26663, 82667, 3529, 6920, 96114]
526 : [6355, 8819, 6390, 6348, 938, 1087, 963, 5098]
527 : [149606, 976, 1398, 3339, 6498, 1450, 6447, 2670]
528 : [2280, 1447, 3427, 1501, 108949, 2425, 681, 59418]
529 : [1311, 4563, 3243, 2359, 2350, 785, 2356, 26732]
530 : [1907, 98441, 26093, 46062, 1688, 5629, 6414, 8574]
531 : [2084, 1031, 47606, 91094, 8487, 107, 8763, 3396]
532 : [4279, 3427, 1501, 58904, 1447, 4945, 2425, 59418]
533 : [55063, 81156, 5785, 132952, 83829, 151307, 126106, 134025]
534 : [2945, 8228, 79677, 6869, 101850, 82035, 53466, 3142]
535 : [108949, 59418, 1501, 2425, 4279, 1447, 681, 4945]
536 : [4945, 681, 2280, 4279, 2425, 58904, 1447, 108949]
537 : [976, 149606, 1398, 1450, 6498, 6447, 2670, 3339]
538 : [1447, 108949, 4279, 59418, 1501, 2425, 58904, 4945]
539 : [95115, 25771, 95113, 59418, 58904, 1501, 4469, 47728]
540 : [681, 58904, 108949, 1501, 4279, 59418, 2425, 1447]
541 : [1398, 976, 149606, 95113, 95115, 25771, 59418, 2670]
542 : [6470, 6429, 6426, 3133, 4329, 6413, 6412, 6386]
543 : [1605, 2822, 5841, 6527, 5785, 81156, 59143, 5101]
544 : [53956, 91690, 103819, 2128, 26171, 79134, 603, 2111]
545 : [4690, 2280, 4279, 3427, 58904, 681, 1501, 59418]
546 : [2670, 2669, 6498, 1450, 3339, 6447, 2340, 2708]
547 : [95115, 95113, 25771, 2280, 3427, 2425, 1447, 4945]
548 : [8228, 2945, 392, 53466, 4279, 59418, 1501, 108949]
549 : [4945, 3427, 4279, 681, 108949, 1447, 2425, 1501]
550 : [3339, 6498, 1450, 2669, 2670, 6447, 1398, 149606]
551 : [4732, 4696, 4705, 155820, 57532, 4706, 4714, 8376]
552 : [681, 2425, 1447, 2280, 4279, 58904, 3427, 108949]
553 : [3479, 2143, 55063, 2872, 26164, 6743, 74530, 71404]
554 : [1450, 3339, 6498, 2670, 2669, 6447, 1398, 149606]
555 : [108949, 59418, 3427, 1501, 1447, 4279, 2280, 58904]
556 : [1450, 3427, 25771, 3339, 149606, 59418, 6447, 976]
557 : [5611, 8700, 8654, 4988, 26013, 3166, 5361, 5357]
558 : [5063, 6413, 964, 148652, 6426, 3727, 6429, 2401]
559 : [2280, 59418, 2425, 4279, 3427, 681, 1447, 108949]
560 : [95113, 95115, 25771, 976, 149606, 1398, 2670, 2669]
561 : [95115, 95113, 25771, 681, 1447, 1501, 2425, 59418]
562 : [8228, 2945, 6869, 82035, 101850, 79677, 140753, 136592]
563 : [108949, 5041, 681, 2425, 118468, 2280, 4945, 115881]
564 : [2280, 59418, 681, 4279, 108949, 4945, 58904, 1447]
565 : [938, 4360, 2877, 62912, 918, 6390, 4854, 1087]
566 : [1501, 108949, 2425, 2280, 58904, 4279, 4945, 59418]
567 : [82093, 4279, 1501, 1447, 3427, 2425, 4945, 58904]
568 : [108949, 4279, 2280, 1447, 1501, 681, 59418, 2425]
569 : [2280, 58904, 1501, 4945, 108949, 1447, 4279, 681]
570 : [25771, 95115, 95113, 6447, 2669, 2670, 1450, 6498]
571 : [4945, 2280, 2425, 1447, 59418, 1501, 681, 4279]
572 : [108949, 4279, 681, 4945, 1447, 1501, 3427, 2280]
573 : [976, 149606, 1398, 1447, 108949, 4279, 2280, 681]
574 : [72294, 58105, 71745, 1582, 2039, 484, 158, 2056]
575 : [3339, 2669, 1450, 6447, 6498, 74530, 6743, 5952]
576 : [5841, 3206, 4024, 2497, 4503, 638, 1605, 1137]
577 : [3823, 2442, 2445, 6961, 6940, 4216, 6918, 961]
578 : [3427, 58904, 1447, 108949, 4279, 2425, 59418, 1501]
579 : [95113, 95115, 25771, 3479, 2143, 74486, 83603, 72603]
580 : [106441, 2056, 158, 1017, 484, 1582, 238, 711]
581 : [79702, 26258, 83374, 6412, 7894, 487, 5699, 964]
582 : [5316, 4305, 1658, 162542, 6163, 34435, 47196, 3267]
583 : [2425, 3427, 4945, 59418, 108949, 1501, 58904, 681]
584 : [885, 1099, 2400, 953, 37857, 5971, 1654, 2138]
585 : [976, 1398, 149606, 1450, 3339, 2670, 6447, 6498]
586 : [58904, 59418, 2280, 1447, 3427, 4945, 108949, 2425]
587 : [976, 149606, 1398, 6447, 3339, 6498, 2670, 1450]
588 : [976, 149606, 1398, 3339, 6447, 2669, 6498, 2670]
589 : [2917, 162542, 1785, 4305, 141688, 57526, 555, 53999]
590 : [1447, 4279, 2425, 2280, 1501, 59418, 58904, 681]
591 : [1669, 1475, 4024, 50912, 2497, 1493, 638, 8911]
592 : [2945, 8228, 80862, 4226, 2204, 38061, 4506, 74740]
593 : [3206, 2340, 1493, 4503, 8911, 1137, 4024, 1669]
594 : [95113, 95115, 25771, 2425, 681, 4945, 108949, 58904]
595 : [101529, 8373, 26835, 84696, 91688, 7419, 26386, 2806]
596 : [681, 59418, 2280, 4279, 4945, 1501, 3427, 108949]
597 : [1398, 149606, 976, 2670, 1450, 3339, 2669, 6447]
598 : [55063, 103444, 84236, 2494, 4217, 139116, 106332, 8011]
599 : [1967, 47493, 149606, 976, 1398, 2941, 96792, 829]
600 : [2280, 1447, 4279, 58904, 4945, 59418, 681, 3427]
601 : [83374, 26258, 43419, 91582, 4319, 6470, 2921, 2478]
602 : [58904, 2425, 108949, 2280, 681, 1447, 59418, 3427]
603 : [27800, 5041, 118468, 115881, 101962, 5879, 67429, 2857]
604 : [103688, 59727, 71205, 1433, 2554, 2553, 2550, 69974]
605 : [4690, 4854, 4360, 6355, 5098, 963, 99273, 5193]
606 : [1447, 4279, 681, 4945, 108949, 1501, 59418, 2280]
607 : [2280, 4945, 108949, 58904, 1501, 2425, 4279, 1447]
608 : [108949, 59418, 58904, 4279, 681, 1447, 3427, 2280]
609 : [3873, 4319, 2921, 4321, 1379, 5230, 2951, 7027]
610 : [2669, 2670, 6447, 6498, 3339, 1450, 149606, 1398]
611 : [95115, 25771, 95113, 6498, 6447, 2670, 2669, 3339]
612 : [4945, 1501, 1447, 681, 59418, 4279, 58904, 2280]
613 : [681, 1447, 2280, 59418, 2425, 58904, 1501, 4945]
614 : [82093, 2143, 3479, 4690, 55063, 1398, 976, 149606]
615 : [106441, 150, 60516, 97938, 1646, 54001, 95307, 99149]
616 : [976, 1398, 149606, 1967, 47493, 58376, 8582, 31547]
617 : [2669, 6498, 3339, 1450, 2670, 6447, 149606, 1398]
618 : [5611, 149606, 1398, 8700, 976, 25771, 95115, 95113]
619 : [3427, 58904, 4945, 59418, 681, 2280, 1501, 1447]
620 : [95740, 129250, 140753, 140763, 122888, 160590, 83829, 149532]
621 : [976, 1398, 149606, 97757, 9018, 58376, 31547, 26003]
622 : [9001, 1854, 92966, 5075, 27478, 148238, 27523, 5080]
623 : [2077, 808, 1826, 3673, 1582, 711, 158, 484]
624 : [808, 2056, 1582, 238, 754, 5504, 2077, 986]
625 : [1501, 59418, 4945, 681, 4279, 108949, 2280, 1447]
626 : [681, 4945, 2280, 2425, 3427, 58904, 1447, 1501]
627 : [2425, 108949, 58904, 4945, 59418, 1501, 4279, 3427]
628 : [2425, 1501, 4279, 681, 1447, 59418, 108949, 4945]
629 : [4714, 4623, 4622, 2241, 4619, 3421, 8720, 72224]
630 : [8911, 1447, 59418, 1669, 108949, 4024, 681, 4945]
631 : [149532, 151307, 136592, 140753, 140763, 141866, 117192, 132549]
632 : [6498, 2669, 3339, 6447, 1450, 2670, 1398, 976]
633 : [976, 149606, 8700, 1398, 5611, 1501, 2280, 2425]
634 : [108949, 1447, 58904, 4945, 2425, 1501, 4279, 2280]
635 : [3963, 62912, 6725, 3604, 6348, 1926, 918, 2877]
636 : [3339, 6447, 1398, 2669, 149606, 976, 2670, 6498]
637 : [808, 1582, 986, 2077, 754, 2057, 158, 2056]
638 : [976, 149606, 1398, 8666, 5182, 42721, 405, 109074]
639 : [59418, 4945, 1501, 4279, 2280, 1447, 3427, 108949]
640 : [27800, 34517, 31427, 6132, 1407, 43679, 6140, 3849]
641 : [681, 2425, 1501, 4279, 2280, 58904, 1447, 3427]
642 : [8700, 5611, 149606, 976, 1398, 101106, 100745, 8129]
643 : [343, 3820, 1795, 5421, 5398, 5395, 5391, 1504]
644 : [976, 149606, 1398, 1450, 3339, 6498, 6447, 2670]
645 : [118468, 115881, 5041, 101962, 2280, 1501, 1447, 59418]
646 : [58904, 1447, 2280, 2425, 108949, 1501, 4279, 59418]
647 : [95115, 25771, 95113, 3784, 7036, 4462, 3088, 189]
648 : [2425, 59418, 4945, 4279, 108949, 681, 58904, 1501]
649 : [25771, 95113, 95115, 2280, 2425, 108949, 1447, 4945]
650 : [3339, 2670, 1450, 6447, 6498, 2669, 95113, 25771]
651 : [81156, 5785, 6869, 101850, 79677, 82035, 80862, 2859]
652 : [5611, 8700, 1475, 7320, 4503, 638, 50912, 3206]
653 : [102720, 58365, 66317, 31658, 30892, 5618, 115881, 101962]
654 : [8612, 8850, 68954, 3412, 421, 6170, 8534, 577]
655 : [976, 149606, 1398, 2670, 6447, 2669, 6498, 1450]
656 : [128620, 134025, 128616, 140753, 140763, 141866, 143410, 132952]
657 : [8616, 87383, 26084, 46062, 4039, 1029, 6798, 91094]
658 : [149606, 976, 3339, 6498, 2669, 6447, 1450, 8700]
659 : [117192, 141866, 143410, 134025, 128616, 149532, 128620, 126106]
660 : [2340, 2708, 1669, 2497, 638, 8911, 1493, 4024]
661 : [5816, 2140, 118696, 4993, 6743, 71404, 65685, 3807]
662 : [25771, 95115, 95113, 681, 1501, 4279, 1447, 2425]
663 : [149606, 95113, 976, 1398, 6447, 2669, 2670, 25771]
664 : [681, 4945, 2425, 2280, 59418, 1501, 1447, 3427]
665 : [26164, 2872, 118696, 71404, 65685, 3807, 5816, 6743]
666 : [108949, 1447, 2280, 2425, 1501, 681, 59418, 3427]
667 : [95113, 95115, 25771, 466, 4802, 5541, 3836, 61132]
668 : [1967, 47493, 2941, 95761, 57526, 140725, 8831, 6920]
669 : [149606, 1398, 976, 106491, 5040, 8582, 5288, 53138]
670 : [3427, 59418, 681, 58904, 2280, 2425, 1447, 108949]
671 : [4690, 95761, 7791, 53999, 8207, 1785, 3529, 731]
