1 : [1137, 4024, 8911, 50912, 2497, 2708, 1475, 638]
2 : [416, 7889, 6617, 383, 2921, 91582, 6356, 6386]
3 : [1450, 2670, 6447, 3339, 6498, 2669, 5425, 5910]
4 : [3292, 746, 3380, 1154, 2066, 5795, 4426, 5169]
5 : [6348, 6390, 6355, 3963, 2877, 918, 4854, 62912]
6 : [2669, 7156, 81158, 6498, 9018, 32853, 6447, 8582]
7 : [81018, 160718, 72603, 5002, 66335, 5003, 106011, 32840]
8 : [8228, 2945, 47728, 4469, 4969, 4212, 69945, 58904]
9 : [44671, 3934, 2526, 111235, 7236, 2661, 72630, 100450]
10 : [55063, 83132, 26403, 25771, 2876, 5041, 101962, 118468]
11 : [383, 70121, 7210, 6356, 1181, 128360, 4411, 3025]
12 : [112399, 4769, 26655, 131724, 34153, 73392, 4711, 7914]
13 : [1450, 32022, 31547, 8582, 3339, 6447, 9018, 2669]
14 : [4198, 103596, 72630, 161155, 111235, 2311, 100450, 8447]
15 : [5169, 2066, 3380, 1154, 1153, 4426, 746, 7335]
16 : [8228, 95740, 2945, 5966, 913, 80862, 112277, 2898]
17 : [1153, 5795, 746, 7335, 5169, 3380, 3292, 1154]
18 : [2945, 5966, 8228, 913, 95740, 80862, 46948, 26631]
19 : [2066, 746, 3380, 7335, 5795, 3292, 1153, 1154]
20 : [106011, 5002, 30892, 5003, 83603, 32840, 58365, 72603]
21 : [26325, 6498, 31547, 81158, 120821, 93040, 32022, 6447]
22 : [1154, 4426, 5795, 7335, 2066, 3380, 3292, 746]
23 : [746, 3380, 3292, 1154, 1153, 7335, 5795, 2066]
24 : [32853, 31547, 58376, 120821, 5288, 6429, 3806, 6426]
25 : [2084, 45987, 963, 7979, 3963, 1087, 2677, 5820]
26 : [343, 4039, 3820, 2084, 4188, 95740, 5795, 1154]
27 : [32022, 8582, 26325, 1920, 58376, 2669, 2670, 6896]
28 : [3941, 2782, 2784, 2783, 1324, 2787, 1325, 1326]
29 : [681, 2280, 1501, 3427, 2425, 1447, 59418, 108949]
30 : [3380, 5169, 3292, 2066, 7335, 4426, 5795, 746]
31 : [26886, 4614, 980, 667, 3444, 86142, 4630, 4200]
32 : [2670, 31547, 6447, 5288, 114766, 8582, 32853, 32022]
33 : [5002, 81018, 66335, 74486, 160718, 106011, 72603, 32840]
34 : [1189, 34542, 27329, 112399, 5137, 27322, 3188, 1361]
35 : [964, 4035, 5826, 3368, 638, 4503, 1137, 2708]
36 : [6930, 27912, 5483, 132074, 57972, 53883, 96901, 108]
37 : [72131, 58879, 31682, 51372, 5098, 4861, 3142, 6348]
38 : [6331, 6299, 4769, 26712, 6963, 96606, 26729, 5325]
39 : [112334, 89203, 89260, 56563, 89337, 5932, 71462, 5914]
40 : [50912, 1493, 4503, 1137, 7320, 8911, 1669, 4024]
41 : [5193, 1087, 5098, 109205, 3963, 62912, 43910, 79686]
42 : [120821, 32853, 31547, 9018, 93040, 7156, 6498, 81158]
43 : [58376, 31547, 6447, 93040, 8582, 9018, 120821, 32022]
44 : [3213, 83803, 2566, 5003, 30892, 4241, 48972, 2137]
45 : [8228, 2945, 80862, 4212, 47728, 69945, 4469, 4969]
46 : [2882, 4880, 3790, 4888, 3789, 55069, 42217, 991]
47 : [6896, 81158, 58376, 8582, 1450, 6447, 5288, 6498]
48 : [2066, 5795, 3292, 746, 3380, 7335, 1153, 4426]
49 : [83603, 5003, 30892, 74486, 72603, 58365, 5002, 160718]
50 : [81158, 26325, 9018, 1450, 120821, 2669, 2670, 6498]
51 : [93272, 551, 30892, 1025, 1282, 83132, 71264, 26403]
52 : [120821, 8582, 58376, 32022, 26325, 2670, 1450, 2669]
53 : [3368, 4035, 964, 1398, 976, 5826, 149606, 2340]
54 : [79029, 51372, 2877, 5193, 27812, 3679, 6348, 6355]
55 : [80862, 2945, 913, 5966, 8228, 6303, 112277, 775]
56 : [128616, 132952, 136592, 134025, 83829, 129250, 149532, 140753]
57 : [74486, 66335, 72603, 160718, 83603, 32840, 5003, 5002]
58 : [1450, 26325, 7156, 120821, 2670, 6447, 32022, 37]
59 : [160718, 83603, 32840, 74486, 66335, 72603, 81018, 5003]
60 : [6498, 2670, 2669, 1450, 6447, 3339, 81158, 31547]
61 : [48872, 320, 31770, 1715, 240, 7348, 6909, 39427]
62 : [313, 4039, 4090, 1282, 2137, 6414, 4188, 25737]
63 : [2537, 4988, 60343, 3207, 5864, 3166, 8654, 5357]
64 : [3806, 416, 3487, 3490, 1258, 121231, 4403, 3550]
65 : [26631, 46948, 8999, 5932, 80599, 3609, 73392, 60135]
66 : [5389, 5109, 2899, 2085, 2089, 6889, 3615, 73664]
67 : [37, 1797, 4861, 4459, 4458, 4453, 32022, 120821]
68 : [4459, 37, 4861, 4458, 4453, 1797, 81417, 58879]
69 : [120821, 114766, 26325, 9018, 31547, 3339, 5288, 6896]
70 : [58879, 72131, 5372, 5193, 1926, 6390, 6355, 6348]
71 : [26342, 4177, 1086, 1089, 1092, 158238, 2579, 1661]
72 : [6470, 8657, 3074, 3806, 128360, 91582, 6386, 5699]
73 : [2066, 7335, 3380, 746, 5795, 1153, 3292, 1154]
74 : [7156, 2670, 8582, 6447, 6498, 93040, 58376, 81158]
75 : [37, 1797, 4861, 4459, 4458, 4453, 48698, 8577]
76 : [8477, 4738, 8800, 4092, 2708, 1475, 638, 2633]
77 : [5169, 4426, 7335, 3380, 1153, 3292, 746, 2066]
78 : [2064, 107636, 6598, 134859, 1147, 74677, 107382, 55851]
79 : [31547, 5288, 32022, 7156, 120821, 26325, 93040, 58376]
80 : [2669, 3339, 2670, 6426, 70121, 8657, 416, 32022]
81 : [7335, 3380, 4426, 2066, 5795, 1154, 746, 1153]
82 : [81158, 32022, 32853, 93040, 7156, 120821, 31547, 26325]
83 : [4453, 4458, 4861, 37, 1797, 4459, 416, 2401]
84 : [25771, 95113, 95115, 47493, 55063, 7951, 27778, 606]
85 : [3074, 6617, 1181, 416, 7889, 3806, 5199, 6429]
86 : [2280, 108949, 4279, 58904, 59418, 681, 1501, 4945]
87 : [1219, 58904, 2280, 108949, 1447, 3427, 4279, 2425]
88 : [32022, 2669, 1450, 2670, 120821, 6896, 3339, 5288]
89 : [58376, 37, 2670, 120821, 6447, 31547, 4861, 32853]
90 : [7210, 4045, 82459, 383, 3487, 6426, 3037, 3806]
91 : [3339, 6896, 58376, 1450, 81158, 9018, 93040, 6447]
92 : [4945, 2425, 82035, 3427, 58904, 108949, 4279, 59418]
93 : [82035, 108949, 2425, 59418, 79677, 2511, 2726, 1501]
94 : [1450, 2670, 2669, 6498, 3339, 6447, 32853, 9018]
95 : [4861, 1797, 4453, 4458, 37, 4459, 4411, 3806]
96 : [8654, 3166, 60343, 26013, 5361, 5357, 941, 5864]
97 : [3074, 6429, 4329, 6470, 7889, 82459, 6617, 5199]
98 : [70121, 8657, 6617, 5199, 91582, 3806, 416, 6386]
99 : [5063, 128360, 70121, 5699, 4329, 4045, 82459, 6426]
100 : [4360, 5820, 27812, 58879, 2859, 3604, 72131, 938]
101 : [1797, 37, 58879, 4861, 4459, 4458, 4453, 72131]
102 : [3380, 1153, 3292, 2066, 746, 1154, 4426, 5169]
103 : [5169, 5795, 3292, 2066, 746, 7335, 4426, 1153]
104 : [32840, 81018, 5003, 66335, 83603, 74486, 106011, 160718]
105 : [2066, 4426, 3292, 746, 3380, 1154, 1153, 5795]
106 : [26003, 2425, 79677, 6869, 2727, 7943, 4279, 3427]
107 : [6498, 1450, 6447, 3339, 2670, 2669, 120821, 26325]
108 : [72603, 32840, 160718, 81018, 66335, 5002, 106011, 74486]
109 : [42723, 1341, 1348, 92058, 1349, 2878, 2868, 220]
110 : [63276, 4001, 4200, 4387, 4441, 7899, 7892, 71]
111 : [69529, 53883, 89090, 5914, 71462, 7914, 5932, 100745]
112 : [5128, 95113, 95115, 27778, 25771, 7951, 71264, 606]
113 : [52885, 551, 1025, 62764, 596, 46948, 2087, 1282]
114 : [83603, 106011, 72603, 66335, 5002, 5003, 32840, 93272]
115 : [109205, 8819, 7836, 6348, 72131, 3963, 3142, 963]
116 : [80862, 95740, 313, 3287, 1024, 5164, 4241, 3213]
117 : [31193, 4039, 5629, 92163, 78122, 4360, 5193, 3725]
118 : [1361, 60763, 60766, 93700, 100517, 722, 6963, 93721]
119 : [1153, 4426, 2066, 3380, 3292, 746, 7335, 5169]
120 : [2669, 6447, 6498, 3339, 1450, 2670, 31547, 81158]
121 : [206, 5932, 7096, 112653, 81191, 71462, 5914, 8930]
122 : [6498, 6447, 1450, 2669, 2670, 3339, 31547, 32022]
123 : [2945, 46948, 5966, 80862, 26631, 8228, 95740, 913]
124 : [3604, 918, 1087, 4360, 92163, 51372, 43910, 109205]
125 : [85016, 5737, 5736, 25744, 5735, 5734, 1324, 1325]
126 : [81417, 1797, 4861, 4453, 4458, 4459, 37, 72131]
127 : [44972, 6602, 26125, 3928, 8790, 4532, 140523, 71732]
128 : [45987, 1191, 79029, 1819, 2859, 5820, 46561, 7979]
129 : [81158, 6896, 120821, 9018, 7156, 32022, 93040, 6498]
130 : [27322, 76738, 94024, 142258, 161084, 73469, 49225, 103444]
131 : [81417, 5736, 5737, 85016, 5735, 25744, 5734, 7564]
132 : [101947, 4783, 8979, 6195, 96606, 1865, 4769, 363]
133 : [2670, 2669, 6498, 1450, 6447, 3339, 26325, 31547]
134 : [3380, 1153, 2066, 7335, 5169, 1154, 5795, 4426]
135 : [1447, 3427, 4945, 4279, 108949, 59418, 58904, 2280]
136 : [48972, 81018, 32840, 83603, 58365, 72603, 66335, 5003]
137 : [4453, 37, 4459, 4458, 4861, 1797, 80862, 8228]
138 : [85394, 8129, 60291, 60295, 60333, 74677, 60382, 60384]
139 : [3213, 4241, 83803, 2566, 2559, 95375, 107999, 42191]
140 : [2464, 5736, 5737, 5784, 3294, 3205, 1998, 1999]
141 : [6515, 79677, 1068, 2727, 82035, 3966, 2511, 6987]
142 : [72603, 106011, 160718, 32840, 74486, 83603, 66335, 30892]
143 : [2708, 1475, 4503, 1493, 50912, 2497, 2340, 638]
144 : [80862, 913, 2945, 5966, 8228, 1130, 8903, 27784]
145 : [2945, 913, 5966, 80862, 8228, 4503, 8911, 1475]
146 : [72603, 74486, 66335, 81018, 5002, 5003, 106011, 160718]
147 : [5736, 2655, 133824, 2754, 2781, 2782, 2784, 144976]
148 : [3339, 6447, 2669, 1450, 2670, 6498, 93040, 7156]
149 : [1154, 5795, 1153, 7335, 5169, 746, 3292, 4426]
150 : [60382, 4185, 1420, 3890, 134859, 5669, 6433, 2693]
151 : [7156, 31547, 93040, 26325, 5288, 3339, 58376, 6447]
152 : [1797, 4861, 4459, 4458, 4453, 37, 109487, 72131]
153 : [55063, 95115, 95113, 47493, 25771, 26258, 4279, 108949]
154 : [80862, 913, 8228, 5966, 2945, 2763, 4614, 58627]
155 : [81018, 106011, 160718, 2394, 32840, 3725, 72603, 83603]
156 : [30892, 81018, 83603, 78122, 74486, 67429, 48972, 32840]
157 : [5795, 746, 2066, 3380, 1154, 7335, 1153, 5169]
158 : [26258, 55063, 95113, 95115, 25771, 47493, 5820, 51372]
159 : [3074, 3806, 4045, 4329, 383, 4319, 6429, 128360]
160 : [3055, 4770, 5850, 4491, 1892, 5352, 662, 190]
161 : [85016, 3961, 3970, 1771, 4030, 1756, 54785, 4222]
162 : [56782, 1928, 1266, 3093, 3737, 6822, 3871, 26371]
163 : [1493, 2497, 3368, 638, 4035, 4024, 964, 50912]
164 : [8228, 2945, 80862, 6380, 90863, 57972, 57845, 1901]
165 : [1153, 3292, 3380, 5169, 1154, 4426, 2066, 5795]
166 : [89203, 100365, 5137, 64278, 103444, 8622, 2064, 52767]
167 : [5966, 80862, 8228, 913, 2945, 71108, 6197, 2024]
168 : [160718, 5003, 5002, 30892, 106011, 81018, 74486, 66335]
169 : [26325, 32853, 6896, 7156, 31547, 58376, 93040, 81158]
170 : [118260, 5966, 114707, 775, 8228, 6243, 1997, 8903]
171 : [58376, 26325, 7156, 3339, 6498, 32022, 6447, 2670]
172 : [2511, 999, 3966, 2727, 6515, 1068, 2726, 3364]
173 : [4024, 8911, 7320, 3206, 4503, 1493, 2340, 1137]
174 : [6390, 963, 3963, 6348, 6355, 62912, 938, 8819]
175 : [26729, 100034, 60295, 60291, 96488, 152025, 113938, 73469]
176 : [3292, 7335, 5795, 3380, 1154, 1153, 5169, 2066]
177 : [37, 4453, 4458, 4459, 1797, 4861, 66335, 83603]
178 : [941, 5864, 26013, 2537, 3207, 5361, 4988, 8654]
179 : [26258, 27778, 606, 95113, 95115, 25737, 85412, 5128]
180 : [55063, 95115, 95113, 26258, 25771, 7045, 47721, 1583]
181 : [6869, 82035, 79677, 101850, 3427, 2511, 4945, 6515]
182 : [1797, 37, 4861, 4453, 4458, 4459, 81158, 2670]
183 : [3484, 132, 3005, 2983, 116397, 240, 149590, 490]
184 : [83603, 72603, 32840, 160718, 81018, 66335, 106011, 5002]
185 : [80862, 2945, 8228, 47728, 4969, 69945, 4469, 4212]
186 : [2945, 8228, 80862, 6243, 4195, 27784, 2853, 4143]
187 : [6355, 5098, 963, 1087, 4360, 6348, 62912, 5193]
188 : [31547, 26325, 58376, 32022, 6896, 32853, 81158, 8582]
189 : [5169, 3380, 3292, 4426, 746, 5795, 1153, 1154]
190 : [4403, 2634, 27772, 115624, 1349, 2119, 140267, 99669]
191 : [5737, 121231, 5736, 4792, 7564, 105763, 2401, 89072]
192 : [4861, 37, 1797, 4453, 4458, 4459, 26325, 9018]
193 : [2677, 8819, 109205, 3963, 5820, 79686, 963, 2859]
194 : [1797, 4459, 4861, 4458, 4453, 37, 6498, 58376]
195 : [7335, 3380, 3292, 5169, 1153, 1154, 5795, 2066]
196 : [91582, 6426, 3074, 4045, 5440, 8657, 3806, 3025]
197 : [26163, 72603, 79686, 51372, 106011, 1191, 2859, 7836]
198 : [4458, 4453, 1797, 4861, 4459, 37, 6306, 61357]
199 : [2945, 8228, 913, 5966, 7335, 3380, 5795, 1153]
200 : [4411, 4329, 6429, 3037, 3025, 6426, 91582, 5199]
201 : [74486, 32840, 160718, 83603, 66335, 72603, 5003, 5002]
202 : [108949, 2425, 3427, 1501, 681, 1447, 59418, 4279]
203 : [4453, 5128, 25737, 27778, 72131, 606, 85412, 37]
204 : [5795, 3292, 5169, 746, 3380, 4426, 7335, 1153]
205 : [3074, 5063, 82459, 2401, 3806, 416, 5440, 5699]
206 : [1450, 2670, 2669, 6447, 3339, 6498, 32022, 7156]
207 : [133824, 1969, 115624, 115534, 82041, 5165, 735, 5210]
208 : [754, 484, 3615, 2039, 7774, 6405, 392, 2056]
209 : [416, 5063, 6470, 4329, 4411, 5440, 5966, 2921]
210 : [4861, 1797, 37, 4459, 4458, 4453, 58879, 72131]
211 : [26325, 5288, 58376, 8582, 32022, 6896, 32853, 93040]
212 : [8463, 1051, 46919, 4420, 2271, 1044, 2272, 4422]
213 : [37, 4861, 4459, 1797, 4458, 4453, 104129, 4441]
214 : [4319, 416, 91582, 70121, 5699, 3025, 1181, 6470]
215 : [746, 1153, 5795, 7335, 1154, 3292, 3380, 2066]
216 : [80185, 99811, 60382, 60384, 48262, 3281, 80906, 3890]
217 : [6945, 90266, 96606, 3859, 58365, 76738, 6772, 6780]
218 : [32022, 58376, 9018, 6896, 120821, 5288, 93040, 7156]
219 : [4459, 37, 4861, 4458, 4453, 81417, 1797, 4945]
220 : [66335, 81018, 72603, 5003, 83603, 160718, 106011, 5002]
221 : [69685, 148881, 115877, 97913, 72612, 55768, 88345, 3429]
222 : [2670, 2669, 3339, 1450, 6498, 6447, 114766, 2945]
223 : [3339, 1450, 26325, 58376, 81158, 31547, 8582, 114766]
224 : [581, 70862, 114635, 5325, 1289, 81898, 49132, 81910]
225 : [5199, 5699, 6356, 6386, 91582, 913, 383, 5440]
226 : [49265, 4432, 25929, 2612, 25972, 25865, 25825, 5868]
227 : [2656, 2660, 1924, 1570, 4480, 56145, 4560, 3572]
228 : [2328, 3727, 144976, 1975, 1973, 1969, 1181, 3938]
229 : [6355, 2877, 4360, 67429, 3604, 51372, 78122, 1087]
230 : [551, 7045, 1282, 26258, 2087, 1025, 1583, 47721]
231 : [7156, 5288, 93040, 32022, 6896, 31547, 32853, 2669]
232 : [160718, 83603, 81018, 74486, 5002, 5003, 32840, 106011]
233 : [8582, 9018, 32853, 6447, 2670, 2669, 58376, 6498]
234 : [1181, 5440, 6429, 2921, 6426, 128360, 5199, 6386]
235 : [7335, 5169, 1153, 746, 3292, 5795, 1154, 3380]
236 : [6447, 3339, 6498, 1450, 2669, 2670, 26325, 9018]
237 : [95113, 95115, 55063, 25771, 2726, 999, 1068, 2727]
238 : [3487, 2921, 5440, 1181, 4411, 6386, 7889, 5199]
239 : [81018, 66335, 32840, 160718, 83603, 72603, 5002, 106011]
240 : [60291, 58191, 71650, 71640, 1361, 90863, 57972, 34153]
241 : [8581, 91548, 44587, 101904, 26176, 2627, 1050, 53894]
242 : [3292, 32840, 1797, 4459, 4861, 66335, 37, 106011]
243 : [918, 51372, 6390, 6348, 62912, 5098, 4360, 6355]
244 : [9018, 120821, 6896, 32853, 3339, 2670, 93040, 81158]
245 : [5169, 2066, 5795, 3292, 1153, 3380, 4426, 746]
246 : [3487, 80862, 5966, 47728, 120821, 4411, 93040, 6356]
247 : [2066, 5169, 5795, 1154, 746, 1153, 3380, 7335]
248 : [3408, 2360, 26404, 81845, 2362, 1063, 26430, 6768]
249 : [5288, 81158, 32853, 3339, 6896, 32022, 2669, 2670]
250 : [6426, 82459, 4411, 7210, 7889, 4045, 3487, 1181]
251 : [80862, 2945, 8228, 913, 5966, 64701, 3068, 76111]
252 : [27798, 6880, 3550, 131451, 3587, 3757, 1999, 6748]
253 : [31547, 2669, 58376, 6447, 6498, 120821, 3339, 93040]
254 : [1153, 4426, 5795, 3380, 1154, 2066, 3292, 746]
255 : [1153, 5795, 746, 4426, 2066, 5169, 7335, 3292]
256 : [3202, 4036, 3676, 84952, 285, 152, 140247, 52666]
257 : [1147, 5914, 134859, 71131, 26655, 89203, 84236, 89260]
258 : [5966, 8228, 913, 80862, 2945, 4212, 69945, 4469]
259 : [26258, 5041, 70946, 118468, 95113, 115881, 85412, 188]
260 : [443, 86593, 108076, 7256, 70488, 2085, 5109, 3945]
261 : [144976, 3727, 2328, 3838, 25744, 6470, 3832, 1756]
262 : [60766, 44788, 55156, 80906, 96667, 3609, 87930, 6679]
263 : [6470, 6617, 3806, 6426, 1181, 4411, 70121, 6429]
264 : [48972, 3483, 196, 8137, 8138, 2256, 2901, 109487]
265 : [3025, 4411, 3487, 4329, 383, 3806, 6470, 70121]
266 : [3025, 128360, 383, 7210, 6470, 6429, 5199, 2401]
267 : [26010, 87383, 5777, 3368, 4035, 5826, 25937, 1035]
268 : [58365, 30892, 32840, 66335, 74486, 72603, 5003, 81018]
269 : [47721, 5795, 26258, 71264, 115881, 83132, 746, 26403]
270 : [3380, 746, 7335, 3292, 2066, 5169, 5795, 4426]
271 : [4459, 4861, 37, 1797, 4453, 4458, 81417, 2119]
272 : [8228, 2945, 6243, 118260, 80862, 1130, 913, 2853]
273 : [5372, 79029, 51372, 3679, 27812, 6390, 963, 92163]
274 : [4831, 3600, 3599, 68965, 104662, 2301, 91873, 5560]
275 : [4360, 6355, 1087, 4854, 2877, 5098, 8819, 6348]
276 : [6896, 32022, 81158, 6498, 31547, 32853, 120821, 5372]
277 : [120821, 31547, 81158, 5288, 32853, 3339, 1450, 8582]
278 : [50740, 37240, 113220, 363, 4459, 4458, 80599, 4453]
279 : [6498, 3339, 1450, 2670, 6447, 2669, 93040, 81158]
280 : [91610, 8070, 3250, 1246, 3252, 40833, 8057, 8042]
281 : [95113, 95115, 25771, 1583, 7045, 47721, 5128, 606]
282 : [4459, 1797, 4453, 37, 4458, 4861, 25771, 95115]
283 : [6447, 1450, 2669, 2670, 3339, 6498, 58376, 32853]
284 : [5966, 913, 2945, 8228, 80862, 6303, 52885, 7616]
285 : [3487, 5699, 8657, 416, 3037, 4411, 1181, 6429]
286 : [4459, 4458, 37, 4453, 1797, 4861, 58879, 72131]
287 : [128620, 134025, 151307, 83829, 160590, 143410, 136592, 129250]
288 : [2451, 2464, 2465, 2462, 2460, 2459, 5649, 5588]
289 : [4411, 128360, 45987, 3963, 79029, 4854, 46561, 62912]
290 : [4278, 27850, 100106, 27873, 1819, 77658, 44788, 67504]
291 : [1797, 37, 4861, 4459, 4458, 4453, 109487, 161155]
292 : [7335, 1154, 5795, 4426, 2066, 746, 1153, 3380]
293 : [3368, 4035, 964, 5826, 2708, 1475, 4503, 638]
294 : [4458, 37, 4453, 4861, 4459, 96488, 6327, 6331]
295 : [3339, 6447, 2669, 2670, 6498, 1450, 1181, 8657]
296 : [109487, 8767, 8781, 8831, 74370, 74452, 74486, 457]
297 : [1450, 3339, 2669, 2670, 6447, 6498, 114766, 913]
298 : [5629, 87383, 8616, 1024, 3775, 2096, 1489, 6414]
299 : [8657, 91582, 5440, 5699, 7210, 3487, 4319, 4329]
300 : [6498, 1450, 2669, 3339, 2670, 6447, 120821, 26325]
301 : [2727, 1501, 58904, 6515, 681, 2511, 6869, 2425]
302 : [5918, 121231, 88272, 775, 71700, 1348, 2548, 6243]
303 : [8577, 84154, 37240, 1189, 1192, 51127, 83827, 50851]
304 : [8228, 5966, 913, 2945, 80862, 8625, 57845, 34153]
305 : [81158, 1450, 6498, 31547, 7156, 2669, 2670, 6447]
306 : [160718, 5003, 106011, 83603, 74486, 81018, 72603, 5002]
307 : [2034, 5042, 2091, 8447, 3833, 2668, 3354, 161155]
308 : [865, 1056, 7243, 1054, 3090, 1051, 128606, 1044]
309 : [963, 2877, 6355, 6390, 51372, 5193, 6348, 918]
310 : [113862, 5266, 5282, 8781, 111486, 5732, 2753, 190]
311 : [4861, 37, 1797, 4459, 4453, 4458, 44633, 6299]
312 : [2981, 1901, 78517, 45837, 60763, 60766, 93700, 131724]
313 : [51372, 963, 938, 5193, 3604, 6355, 918, 5098]
314 : [58879, 4453, 72131, 4458, 1797, 4459, 37, 4861]
315 : [6386, 4045, 4411, 70121, 128360, 3806, 383, 416]
316 : [913, 80862, 5966, 2945, 8228, 55063, 25771, 26258]
317 : [111235, 44671, 3574, 4051, 2526, 2377, 2668, 3932]
318 : [2945, 80862, 5966, 8228, 913, 5712, 7616, 93982]
319 : [5736, 5734, 25744, 85016, 5737, 5735, 4541, 4792]
320 : [127319, 8781, 142488, 1892, 240, 7348, 5043, 1798]
321 : [43910, 6390, 46561, 1087, 6864, 1926, 59590, 2877]
322 : [31193, 2096, 7836, 2462, 2460, 4854, 92058, 2459]
323 : [2670, 1450, 2669, 6447, 3339, 6498, 31547, 58376]
324 : [3820, 343, 4039, 4188, 2084, 4360, 6348, 6390]
325 : [7943, 2726, 4945, 47728, 26003, 101850, 2511, 2425]
326 : [3339, 6498, 32853, 2669, 2670, 9018, 1450, 120821]
327 : [8582, 120821, 6896, 58376, 7156, 32853, 32022, 26325]
328 : [8228, 2945, 6447, 6498, 2670, 1450, 2669, 3339]
329 : [6515, 72603, 3427, 2280, 26003, 3966, 1501, 59418]
330 : [112334, 3002, 2984, 8130, 4185, 2981, 5180, 93721]
331 : [3820, 343, 33639, 4039, 4188, 2084, 83803, 2566]
332 : [746, 1153, 4426, 5169, 3380, 3292, 5795, 1154]
333 : [2669, 2670, 6447, 1450, 6498, 3339, 114766, 32022]
334 : [6356, 6470, 4329, 128360, 70121, 3074, 3037, 5063]
335 : [2670, 5288, 7156, 8582, 6447, 32853, 32022, 114766]
336 : [3806, 3025, 6356, 6429, 5440, 6426, 3074, 3487]
337 : [3780, 100450, 3934, 2526, 60674, 72630, 44671, 112623]
338 : [2650, 62203, 3839, 1989, 1986, 1987, 1980, 1985]
339 : [45666, 75803, 5125, 4169, 813, 818, 1614, 115231]
340 : [59590, 913, 2677, 62912, 938, 918, 7836, 3679]
341 : [2016, 1007, 3929, 54732, 135861, 633, 54734, 637]
342 : [4459, 4453, 4861, 37, 4458, 1797, 2669, 6498]
343 : [3820, 343, 33639, 2559, 3964, 4090, 107999, 83803]
344 : [31547, 7156, 58376, 32022, 6447, 6498, 3339, 6896]
345 : [5002, 66335, 5003, 81018, 72603, 83603, 32840, 106011]
346 : [26886, 4636, 4001, 4614, 4387, 126420, 1497, 7192]
347 : [26325, 8582, 58376, 93040, 32022, 31547, 120821, 7156]
348 : [941, 73664, 1030, 1031, 986, 7335, 2142, 99273]
349 : [93040, 6447, 2669, 2670, 6498, 31547, 5288, 58376]
350 : [108949, 2425, 58904, 681, 1501, 2280, 4279, 4945]
351 : [918, 2877, 5193, 51372, 4360, 3604, 8819, 963]
352 : [70488, 108076, 86593, 7256, 443, 2537, 4988, 8654]
353 : [1153, 1154, 2066, 5169, 5795, 746, 3380, 7335]
354 : [2314, 2397, 8208, 8236, 8240, 8261, 8267, 73860]
355 : [5169, 7335, 746, 2066, 3380, 4426, 1153, 5795]
356 : [85736, 5444, 4006, 2173, 2368, 2615, 1371, 6239]
357 : [45928, 45950, 71640, 913, 78829, 79006, 2945, 26729]
358 : [5795, 3292, 746, 3380, 4426, 7335, 5169, 2066]
359 : [30892, 58365, 2394, 67429, 78122, 58879, 3725, 72131]
360 : [58376, 120821, 32853, 6896, 32022, 9018, 3339, 8582]
361 : [9018, 120821, 26325, 6447, 6498, 32022, 8582, 31547]
362 : [5795, 3292, 2066, 1154, 1153, 746, 5169, 7335]
363 : [1447, 4945, 681, 4279, 2280, 3427, 1501, 108949]
364 : [6433, 117533, 722, 26729, 7932, 97744, 37240, 66019]
365 : [1181, 4319, 91582, 2401, 2921, 6617, 128360, 6470]
366 : [4453, 4458, 1797, 37, 4861, 4459, 7320, 4503]
367 : [9018, 81158, 5288, 58376, 26325, 6498, 120821, 7156]
368 : [106011, 160718, 83603, 2945, 8228, 913, 30892, 5002]
369 : [32853, 120821, 93040, 32022, 58376, 9018, 6896, 8582]
370 : [2066, 3292, 5169, 5795, 3380, 4426, 7335, 1154]
371 : [134025, 132549, 140753, 140763, 128616, 160590, 143410, 126106]
372 : [3206, 7320, 162542, 1669, 1658, 4024, 2708, 5316]
373 : [37, 4453, 4861, 1797, 4458, 4459, 6935, 8264]
374 : [2727, 7943, 82035, 108949, 58904, 3966, 681, 101850]
375 : [2515, 5165, 27772, 177, 5210, 5413, 1623, 5489]
376 : [5735, 5736, 85016, 25744, 5734, 5737, 5663, 3732]
377 : [2636, 2649, 2647, 2644, 2638, 2637, 1348, 2635]
378 : [1181, 6429, 3037, 383, 70121, 5199, 128360, 1153]
379 : [32853, 26325, 58376, 9018, 32022, 31547, 93040, 7156]
380 : [4426, 7335, 1153, 1154, 2066, 5169, 746, 5795]
381 : [4861, 4459, 4458, 37, 4453, 1797, 72131, 58879]
382 : [5002, 66335, 106011, 5003, 32840, 83603, 81018, 72603]
383 : [5003, 48972, 81018, 74486, 32840, 66335, 72603, 160718]
384 : [7335, 5795, 2066, 1154, 1153, 5169, 3380, 3292]
385 : [4690, 108949, 1447, 59418, 3427, 58904, 681, 4279]
386 : [2669, 6498, 3339, 6447, 1450, 2670, 8582, 81158]
387 : [96150, 6269, 105429, 137337, 37240, 59731, 93700, 77658]
388 : [7566, 722, 8129, 53024, 85774, 103107, 52767, 71640]
389 : [1450, 2669, 2670, 6498, 3339, 6447, 120821, 93040]
390 : [900, 1035, 8460, 26010, 25937, 5777, 4539, 3206]
391 : [37240, 4236, 4237, 56030, 97639, 44633, 97673, 8011]
392 : [4459, 1797, 4861, 37, 4458, 4453, 104129, 33794]
393 : [1797, 4861, 37, 4453, 4458, 4459, 1289, 4217]
394 : [109487, 3354, 161155, 100450, 72630, 7236, 2526, 60674]
395 : [2084, 616, 6093, 3759, 3775, 5538, 244, 5539]
396 : [4459, 4861, 4453, 37, 4458, 1797, 72131, 58879]
397 : [6498, 6447, 3339, 2670, 2669, 1450, 976, 2941]
398 : [1181, 5699, 416, 8657, 3487, 4319, 3037, 5440]
399 : [79677, 82035, 101850, 6869, 681, 3364, 4279, 58904]
400 : [92163, 72603, 79029, 45987, 31682, 2677, 5820, 32840]
401 : [3604, 6390, 2677, 46561, 51372, 43910, 31682, 6355]
402 : [128620, 134025, 83829, 143410, 132952, 149532, 140763, 122888]
403 : [2951, 7894, 7027, 1304, 61289, 1379, 4866, 6518]
404 : [81018, 74486, 32840, 160718, 72603, 83603, 58365, 106011]
405 : [8931, 8938, 60763, 60766, 8954, 8979, 71390, 3281]
406 : [100517, 2693, 2689, 130980, 53024, 3281, 8987, 59731]
407 : [4411, 4319, 383, 7889, 91582, 5199, 6470, 1181]
408 : [2945, 8228, 913, 5966, 6303, 80862, 3380, 2066]
409 : [7045, 95113, 1583, 33639, 47721, 95115, 25771, 5538]
410 : [95113, 95115, 26258, 25771, 55063, 5128, 27778, 70946]
411 : [913, 5966, 80862, 2945, 95740, 8228, 46948, 26631]
412 : [918, 3963, 6390, 8819, 5098, 62912, 5372, 3604]
413 : [1862, 1570, 8138, 8137, 7984, 3572, 1214, 3833]
414 : [79686, 3142, 7836, 5372, 3679, 1819, 26163, 79029]
415 : [118260, 6243, 775, 8903, 4195, 1997, 2898, 3476]
416 : [91869, 8999, 8998, 8987, 26366, 48262, 556, 26400]
417 : [2689, 73469, 106236, 7932, 7914, 73392, 7786, 73276]
418 : [1450, 6498, 2669, 2670, 6447, 3339, 32853, 8582]
419 : [80906, 58191, 97639, 6195, 97673, 3281, 60382, 60384]
420 : [6356, 4411, 3806, 2401, 3037, 8657, 383, 6426]
421 : [31547, 81158, 6896, 5288, 9018, 26325, 58376, 7156]
422 : [1087, 963, 6348, 6355, 2877, 5169, 746, 5795]
423 : [3292, 3380, 7335, 746, 2066, 5795, 5169, 4426]
424 : [3820, 343, 131451, 841, 6514, 152173, 33639, 6748]
425 : [93040, 32853, 31547, 26325, 6896, 32022, 2669, 2670]
426 : [746, 7335, 2066, 3292, 5795, 1154, 4426, 1153]
427 : [3292, 4426, 1153, 1154, 2066, 5795, 746, 7335]
428 : [1068, 999, 3966, 2727, 3364, 2511, 7943, 6515]
429 : [2941, 1137, 638, 2340, 3206, 1493, 1475, 4503]
430 : [8228, 2945, 5966, 913, 80862, 80185, 80217, 7786]
431 : [4426, 1153, 1154, 2066, 3292, 5169, 5795, 3380]
432 : [7335, 3380, 4426, 3292, 1154, 2066, 5795, 1153]
433 : [5699, 3074, 6617, 7889, 6470, 6429, 70121, 91582]
434 : [66335, 106011, 83603, 72603, 32840, 81018, 74486, 5003]
435 : [5966, 2945, 8228, 913, 80862, 6303, 1199, 7817]
436 : [4319, 3487, 5063, 7889, 82459, 4045, 416, 6386]
437 : [81417, 4458, 37, 1797, 4861, 4453, 4459, 88932]
438 : [1447, 2425, 4945, 1501, 59418, 108949, 681, 4279]
439 : [4453, 1797, 4458, 37, 4861, 4459, 32840, 74486]
440 : [4459, 4458, 4861, 4453, 1797, 37, 93040, 31547]
441 : [103107, 104595, 26729, 80906, 68838, 5684, 3859, 42677]
442 : [5440, 3806, 1181, 3074, 383, 4319, 128360, 2921]
443 : [95740, 33639, 4039, 2084, 2945, 3820, 5966, 343]
444 : [26176, 47999, 91548, 53894, 132333, 76054, 101904, 2627]
445 : [26325, 8582, 6896, 6447, 6498, 32022, 32853, 2669]
446 : [6869, 82035, 79677, 101850, 32019, 1125, 2380, 2381]
447 : [6447, 2670, 2669, 3339, 6498, 1450, 114766, 5107]
448 : [103688, 1252, 82035, 49278, 4444, 4443, 69974, 115151]
449 : [3727, 144976, 2328, 77427, 3732, 2401, 1181, 4403]
450 : [7210, 4045, 383, 6617, 2401, 70121, 6356, 4319]
451 : [1335, 775, 118260, 2853, 27784, 114707, 1997, 6243]
452 : [4861, 37, 1797, 4453, 4458, 4459, 100553, 33154]
453 : [4319, 4329, 5699, 3025, 3037, 3074, 6617, 2921]
454 : [4503, 5361, 3166, 8911, 5357, 8654, 4024, 98809]
455 : [4198, 60674, 2526, 100450, 72630, 7236, 112623, 2661]
456 : [8460, 900, 1137, 1475, 1035, 3206, 4024, 1493]
457 : [143410, 83829, 136592, 117192, 128620, 129250, 128616, 160590]
458 : [25744, 5734, 5735, 5736, 5737, 85016, 2459, 2464]
459 : [3142, 5002, 5003, 3159, 46561, 160718, 81018, 3213]
460 : [32840, 72603, 5003, 5002, 74486, 81018, 106011, 83603]
461 : [1153, 3292, 5169, 7335, 5795, 3380, 746, 4426]
462 : [1450, 6498, 6447, 3339, 2670, 2669, 9018, 31547]
463 : [1797, 4861, 4459, 4458, 4453, 37, 5003, 106011]
464 : [58879, 72131, 62912, 3604, 8819, 1087, 5098, 2877]
465 : [2726, 82035, 3364, 3966, 79677, 2727, 2511, 1219]
466 : [5003, 72603, 5002, 32840, 83603, 74486, 81018, 66335]
467 : [2091, 111235, 6302, 60674, 2526, 2661, 7236, 4198]
468 : [7786, 26729, 8979, 89102, 87930, 2494, 55156, 6598]
469 : [6390, 3021, 114766, 82041, 3017, 3016, 5820, 115534]
470 : [58376, 26325, 81158, 32022, 9018, 31547, 5288, 93040]
471 : [7889, 6386, 3037, 3074, 3806, 70121, 6356, 8657]
472 : [3380, 5795, 7335, 2066, 746, 1154, 1153, 4426]
473 : [6896, 5288, 81158, 120821, 9018, 32853, 26325, 7156]
474 : [37, 4453, 4861, 4458, 4459, 1797, 71264, 95115]
475 : [1153, 1154, 5169, 3380, 746, 4426, 5795, 3292]
476 : [58879, 7836, 3963, 1819, 31682, 59590, 5193, 6864]
477 : [5308, 109183, 3120, 5401, 5422, 126548, 3096, 5427]
478 : [31547, 58376, 114766, 81158, 26325, 120821, 32853, 5288]
479 : [4458, 4861, 72131, 4459, 37, 1797, 4453, 58879]
480 : [5795, 2066, 746, 1154, 1153, 7335, 3380, 5169]
481 : [1153, 3292, 1154, 5795, 2066, 746, 4426, 7335]
482 : [5826, 638, 2340, 4024, 964, 976, 5777, 1493]
483 : [3380, 4426, 5169, 2066, 746, 1153, 1154, 5795]
484 : [3934, 103596, 2526, 60674, 2661, 100450, 3354, 3780]
485 : [1191, 6864, 67665, 7836, 46561, 59590, 7979, 3679]
486 : [5169, 3292, 5795, 1154, 1153, 2066, 4426, 7335]
487 : [6617, 82459, 416, 2921, 5699, 4319, 6470, 91582]
488 : [4266, 2513, 4948, 2515, 2868, 90469, 2516, 3832]
489 : [6348, 79686, 8819, 918, 2877, 938, 26163, 963]
490 : [1304, 2816, 7894, 2476, 4682, 7027, 2815, 4353]
491 : [32853, 7156, 2670, 2669, 93040, 81158, 3339, 26325]
492 : [5072, 2495, 105769, 109487, 741, 2661, 3354, 2311]
493 : [8228, 80862, 2945, 913, 5966, 6303, 25852, 1459]
494 : [27798, 3838, 3839, 3840, 3843, 1999, 1998, 3757]
495 : [2921, 3025, 6429, 5199, 3037, 128360, 70121, 4045]
496 : [6447, 3339, 1450, 2669, 2670, 6498, 58376, 26325]
497 : [37, 4861, 4459, 4458, 4453, 1797, 6598, 8930]
498 : [32840, 244, 5003, 3820, 58365, 5002, 3213, 4241]
499 : [8228, 2945, 3476, 4143, 1997, 1335, 114707, 6243]
500 : [130351, 6299, 31689, 111228, 26712, 56563, 100365, 89337]
501 : [132961, 4302, 1531, 4300, 4297, 6887, 6890, 4292]
502 : [8228, 2945, 4143, 1335, 6243, 1130, 3476, 27784]
503 : [2511, 3364, 2726, 79677, 7943, 6869, 2727, 3966]
504 : [2511, 1068, 3364, 3966, 2727, 999, 6515, 2726]
505 : [638, 4024, 8911, 4503, 1475, 2340, 1493, 50912]
506 : [3368, 964, 8911, 4035, 976, 1137, 2708, 50912]
507 : [30892, 48972, 58365, 5002, 66335, 72603, 106011, 5003]
508 : [220, 3939, 3940, 3941, 3942, 3961, 27798, 3970]
509 : [3339, 1450, 2669, 6447, 6498, 2670, 32022, 58376]
510 : [48262, 77658, 5059, 6433, 97744, 104757, 49132, 33154]
511 : [5146, 99846, 77658, 1192, 44788, 1191, 3727, 67504]
512 : [3966, 2727, 3364, 6869, 1068, 999, 7943, 2726]
513 : [4437, 4143, 99912, 3847, 62203, 6514, 3205, 112277]
514 : [8129, 45950, 78829, 96488, 79006, 96563, 46347, 108]
515 : [131724, 31547, 89102, 27846, 5483, 8011, 89090, 106332]
516 : [2669, 2670, 3339, 6447, 6498, 1450, 32022, 93040]
517 : [91488, 32840, 1023, 83603, 160718, 31193, 81018, 2096]
518 : [106011, 5002, 83603, 160718, 66335, 81018, 32840, 5003]
519 : [746, 1153, 2066, 5169, 4426, 7335, 3292, 3380]
520 : [3380, 5169, 746, 7335, 4426, 2066, 5795, 1153]
521 : [7156, 32022, 120821, 93040, 9018, 5288, 81158, 58376]
522 : [4045, 8657, 91582, 2401, 5699, 2921, 6386, 5199]
523 : [5795, 746, 1154, 7335, 4426, 5169, 2066, 3292]
524 : [2511, 1068, 999, 2727, 79677, 7943, 3966, 6869]
525 : [37, 4861, 4459, 1797, 4453, 4458, 58879, 72131]
526 : [4690, 2511, 2280, 999, 7943, 108949, 26003, 1447]
527 : [2859, 26163, 46561, 2677, 7836, 109205, 1191, 79686]
528 : [2945, 8228, 913, 5966, 80862, 1284, 942, 4469]
529 : [4861, 4459, 4458, 4453, 1797, 37, 54419, 6195]
530 : [4459, 37, 1797, 4861, 4453, 4458, 31547, 7156]
531 : [4360, 5098, 46561, 26163, 43910, 31682, 79029, 92163]
532 : [66335, 30892, 83603, 67429, 5003, 106011, 5002, 2394]
533 : [4861, 4453, 1797, 4458, 4459, 37, 4445, 392]
534 : [4861, 1797, 37, 4459, 4458, 4453, 72131, 58879]
535 : [6498, 58376, 9018, 7156, 2669, 2670, 120821, 6447]
536 : [5003, 106011, 81018, 66335, 74486, 32840, 83603, 5002]
537 : [160718, 32840, 106011, 81018, 66335, 5003, 74486, 5002]
538 : [127152, 42677, 83332, 100034, 83293, 100032, 26400, 2981]
539 : [145775, 48262, 80906, 5483, 6195, 80599, 113220, 161084]
540 : [5966, 913, 2945, 8228, 80862, 86781, 714, 6047]
541 : [2425, 1447, 4279, 7943, 2280, 4945, 59418, 3966]
542 : [82035, 101850, 6869, 79677, 4279, 2727, 2726, 999]
543 : [3364, 2727, 2726, 6515, 3966, 7943, 2511, 1068]
544 : [3287, 160718, 83603, 5539, 5002, 313, 5164, 4090]
545 : [6390, 1087, 5098, 2877, 5193, 99273, 963, 4360]
546 : [416, 4045, 5440, 4329, 6386, 5199, 3025, 6356]
547 : [3339, 2669, 2670, 6447, 6498, 1450, 81158, 58376]
548 : [83293, 8011, 108, 55687, 722, 46347, 73469, 55851]
549 : [5072, 67408, 2495, 109487, 111235, 105769, 741, 8447]
550 : [6470, 6356, 4411, 3037, 6617, 4045, 3487, 3806]
551 : [106011, 160718, 32840, 5003, 72603, 81018, 5002, 66335]
552 : [913, 8228, 80862, 2945, 5966, 66335, 83603, 74486]
553 : [1154, 5795, 3292, 746, 3380, 4426, 5169, 1153]
554 : [2669, 5288, 3339, 2670, 58376, 1450, 9018, 7156]
555 : [3759, 4039, 95375, 1023, 3483, 6414, 5629, 3820]
556 : [2328, 144976, 3727, 114766, 1982, 1983, 1984, 1985]
557 : [3574, 2256, 332, 3340, 512, 913, 1570, 3780]
558 : [746, 5795, 3380, 5169, 4426, 3292, 2066, 1154]
559 : [120821, 2670, 5795, 7335, 2669, 1450, 32853, 93040]
560 : [3037, 6386, 5440, 6356, 4319, 70121, 5699, 8657]
561 : [4045, 5199, 6356, 5063, 3037, 2401, 7889, 1181]
562 : [26013, 4988, 8654, 2537, 941, 5864, 3166, 60343]
563 : [6356, 4411, 6470, 1153, 4426, 7335, 3074, 3037]
564 : [1154, 5795, 7335, 2066, 746, 3380, 5169, 4426]
565 : [8957, 8781, 1715, 2983, 127319, 5949, 31737, 132]
566 : [913, 80862, 8228, 2945, 95740, 5966, 59834, 5389]
567 : [4690, 101850, 6869, 82035, 79677, 2726, 58904, 2425]
568 : [913, 5966, 80862, 2945, 8228, 6303, 111235, 161155]
569 : [33639, 4241, 130522, 2559, 343, 4090, 313, 85316]
570 : [8228, 2945, 913, 5966, 80862, 1130, 3476, 114707]
571 : [83827, 85394, 150856, 5059, 3007, 68536, 3002, 117533]
572 : [3604, 79686, 5193, 7836, 51372, 62912, 59590, 4360]
573 : [8582, 5288, 3339, 7156, 6896, 2670, 93040, 31547]
574 : [1154, 746, 3380, 7335, 3292, 5169, 5795, 4426]
575 : [4861, 4459, 4458, 37, 4453, 1797, 74486, 72603]
576 : [4854, 1926, 2877, 4360, 6390, 95740, 62912, 1024]
577 : [160718, 106011, 81018, 32840, 83603, 72603, 74486, 5002]
578 : [3483, 2513, 55063, 54785, 5588, 7045, 152844, 2784]
579 : [8228, 2945, 913, 5966, 80862, 2749, 112689, 3251]
580 : [6498, 3339, 1450, 6447, 2670, 2669, 9018, 93040]
581 : [1181, 5199, 91582, 3806, 7889, 5440, 82459, 128360]
582 : [5736, 85016, 5737, 25744, 5735, 5734, 152173, 105763]
583 : [4279, 4945, 681, 1501, 58904, 108949, 59418, 82035]
584 : [66335, 106011, 160718, 5002, 32840, 81018, 72603, 5003]
585 : [1153, 1154, 2066, 7335, 5795, 3380, 746, 3292]
586 : [47493, 55063, 95115, 25771, 95113, 1583, 47721, 7045]
587 : [6498, 2670, 2669, 6447, 1450, 3339, 114766, 2476]
588 : [81158, 32022, 6447, 8582, 9018, 31547, 2669, 2670]
589 : [7320, 1669, 50912, 2708, 4024, 638, 3206, 2497]
590 : [2670, 26325, 6498, 58376, 32853, 120821, 31547, 6447]
591 : [3364, 4279, 681, 79677, 2727, 1447, 2511, 1501]
592 : [5732, 5850, 1798, 132, 1061, 4491, 5808, 320]
593 : [1137, 3206, 638, 5826, 964, 1493, 7320, 4503]
594 : [8228, 2945, 2669, 6498, 6447, 3339, 1450, 2670]
595 : [4279, 1447, 1501, 108949, 2280, 3427, 58904, 4945]
596 : [556, 132458, 101947, 93700, 4237, 71282, 96667, 363]
597 : [1856, 68838, 5684, 6433, 99468, 106332, 3859, 55851]
598 : [2066, 5169, 7335, 3292, 746, 4426, 3380, 5795]
599 : [3339, 6498, 6447, 2670, 2669, 1450, 81417, 1087]
600 : [7156, 2669, 32022, 9018, 3339, 31547, 2670, 58376]
601 : [80862, 913, 8228, 5966, 2945, 95740, 1450, 58376]
602 : [108, 71462, 1111, 107382, 91869, 4783, 74677, 164979]
603 : [9018, 6896, 1450, 32022, 81158, 2669, 120821, 5288]
604 : [1501, 681, 3427, 58904, 1447, 108949, 4279, 59418]
605 : [3380, 3292, 7335, 4426, 2066, 1153, 746, 1154]
606 : [5169, 3380, 4426, 3292, 5795, 746, 7335, 2066]
607 : [1153, 3292, 5795, 5169, 2066, 746, 1154, 7335]
608 : [7335, 3380, 746, 5169, 4426, 1153, 1154, 2066]
609 : [5918, 116503, 2634, 1105, 2635, 3351, 3344, 8225]
610 : [2921, 2401, 5199, 1181, 6356, 128360, 383, 6617]
611 : [1450, 6447, 2670, 2669, 3339, 6498, 6896, 120821]
612 : [8582, 93040, 26325, 2669, 2670, 9018, 32022, 5288]
613 : [5164, 4188, 313, 3799, 42191, 4090, 3213, 107999]
614 : [5169, 3292, 4426, 746, 7335, 5795, 2066, 3380]
615 : [7335, 1154, 1153, 3292, 5795, 3380, 746, 5169]
616 : [81158, 1450, 3339, 6896, 58376, 9018, 26325, 5288]
617 : [120821, 2669, 32853, 5288, 2670, 9018, 93040, 3339]
618 : [3339, 2669, 2670, 6447, 1450, 6498, 1501, 2280]
619 : [55071, 6062, 93700, 6042, 73392, 152025, 60766, 132074]
620 : [3077, 112653, 6327, 6306, 3680, 100553, 8931, 99468]
621 : [58904, 2425, 1501, 3427, 108949, 59418, 681, 4279]
622 : [95115, 25771, 95113, 137337, 99795, 4185, 6062, 112921]
623 : [80862, 5966, 913, 8228, 2945, 63515, 108981, 923]
624 : [64278, 113938, 86504, 3913, 152025, 107910, 146682, 8264]
625 : [6447, 6498, 3339, 2669, 2670, 1450, 8582, 9018]
626 : [3380, 746, 3292, 5169, 5795, 2066, 4426, 7335]
627 : [4961, 27713, 6598, 146682, 48262, 6612, 6676, 80906]
628 : [3890, 4783, 4769, 114635, 81898, 49132, 81910, 49225]
629 : [91582, 6429, 5199, 6617, 6386, 7210, 6356, 5699]
630 : [1493, 638, 4503, 4035, 2340, 4024, 8460, 7320]
631 : [2515, 1326, 1328, 1329, 1330, 1331, 106870, 27351]
632 : [25771, 95115, 47493, 95113, 26258, 55063, 1199, 7817]
633 : [6470, 91582, 3487, 3037, 7210, 5440, 6617, 70121]
634 : [6869, 101850, 82035, 79677, 3966, 1068, 2511, 2726]
635 : [81417, 5736, 5735, 5734, 5737, 27778, 606, 70946]
636 : [26163, 1926, 2859, 2877, 1191, 1087, 51372, 5372]
637 : [2670, 6447, 6896, 9018, 913, 93040, 2945, 5288]
638 : [72603, 74486, 106011, 160718, 66335, 30892, 58365, 115881]
639 : [155611, 3077, 4171, 88682, 71282, 1111, 81191, 113938]
640 : [3427, 1447, 3966, 1501, 2726, 2425, 4279, 681]
641 : [90266, 59684, 3677, 3680, 2930, 59669, 58425, 8987]
642 : [96488, 4208, 8753, 26400, 113220, 64990, 49225, 99795]
643 : [114707, 1997, 1335, 4143, 2898, 3476, 27784, 5966]
644 : [48872, 32022, 6447, 58376, 26325, 31770, 81158, 1450]
645 : [101850, 108949, 58904, 1501, 2280, 1447, 4279, 79677]
646 : [37, 1797, 4459, 4861, 4458, 4453, 32022, 120821]
647 : [65188, 787, 7914, 100106, 109687, 7932, 89260, 106236]
648 : [3292, 3380, 140763, 746, 160590, 143410, 117192, 126106]
649 : [2753, 3238, 3203, 48872, 134158, 132, 3055, 3015]
650 : [2091, 741, 105769, 2495, 5042, 2034, 5072, 7841]
651 : [32840, 74486, 106011, 58365, 72603, 81018, 30892, 83603]
652 : [132952, 151307, 134025, 160590, 129250, 83829, 128620, 128616]
653 : [7564, 99912, 3016, 2634, 1623, 5918, 1999, 1998]
654 : [3380, 4426, 746, 1154, 5795, 3292, 7335, 1153]
655 : [6498, 3339, 32853, 6896, 120821, 7156, 32022, 2670]
656 : [5169, 7335, 3380, 3292, 1154, 1153, 2066, 5795]
657 : [7650, 159858, 5210, 3847, 3490, 159462, 99912, 177]
658 : [43910, 7979, 51372, 6864, 6390, 5098, 6355, 5193]
659 : [4453, 37, 4458, 4861, 4459, 1797, 58879, 72131]
660 : [5440, 5699, 4411, 2401, 128360, 6617, 383, 91582]
661 : [25771, 95115, 95113, 55063, 47493, 27778, 7951, 26258]
662 : [5288, 9018, 6896, 6498, 8582, 31547, 120821, 32853]
663 : [72603, 106011, 67429, 160718, 74486, 2394, 66335, 5002]
664 : [3806, 91582, 2401, 7889, 3037, 3487, 4045, 2921]
665 : [37, 4861, 4459, 4458, 1797, 4453, 72131, 58879]
666 : [121171, 71390, 756, 759, 5914, 87930, 55156, 55687]
667 : [3923, 2377, 1862, 3932, 4480, 2901, 2456, 136305]
668 : [105763, 2644, 2638, 2637, 1924, 196, 5588, 81417]
669 : [3074, 7889, 5372, 383, 5063, 7210, 2066, 6617]
670 : [2784, 5210, 2451, 54785, 177, 152844, 5413, 152173]
671 : [25771, 95115, 95113, 1583, 7045, 47721, 343, 3820]
